parameter1,parameter2,parameter3,parameter4,output
724,433,546,386,2089
679,249,504,982,2414
118,320,761,71,1270
945,231,342,487,2005
294,138,730,506,1668
685,355,421,284,1745
118,494,325,567,1504
547,606,761,118,2032
783,309,636,483,2211
724,885,890,603,3102
470,795,916,121,2302
502,845,457,21,1825
907,343,323,907,2480
881,599,60,646,2186
922,481,688,900,2991
889,417,888,170,2364
131,619,329,357,1436
889,434,472,470,2265
628,18,648,59,1353
513,366,883,40,1802
118,237,295,870,1520
518,210,448,530,1706
818,325,936,273,2352
312,81,119,258,770
200,379,474,608,1661
670,299,863,566,2398
585,218,130,354,1287
940,288,852,906,2986
494,500,732,593,2319
694,294,215,902,2105
83,855,771,698,2407
936,316,422,406,2080
399,385,159,884,1827
568,205,358,675,1806
987,475,520,597,2579
981,921,389,308,2599
488,471,837,537,2333
310,725,426,384,1845
552,338,630,561,2081
1000,869,233,129,2231
839,788,995,761,3383
119,280,569,28,996
116,259,46,52,473
120,970,434,368,1892
989,387,360,495,2231
631,379,631,882,2523
935,990,684,647,3256
658,68,811,723,2260
121,692,68,708,1589
893,788,254,634,2569
116,985,863,589,2553
944,260,500,913,2617
486,868,987,378,2719
611,157,130,30,928
714,499,869,899,2981
237,385,885,877,2384
981,242,733,501,2457
722,691,533,993,2939
841,195,147,2,1185
872,288,257,250,1667
263,819,711,881,2674
84,304,590,341,1319
387,974,769,942,3072
742,467,917,582,2708
57,286,970,807,2120
951,556,111,524,2142
355,440,500,756,2051
46,141,582,695,1464
17,813,850,124,1804
278,308,597,948,2131
612,359,497,660,2128
710,619,395,997,2721
111,206,337,773,1427
291,470,876,367,2004
939,297,532,143,1911
317,127,965,480,1889
239,99,550,466,1354
721,523,647,687,2578
321,351,385,241,1298
414,376,756,494,2040
544,115,410,337,1406
285,352,921,897,2455
569,613,86,390,1658
412,166,72,315,965
676,624,656,768,2724
614,937,29,121,1701
264,50,498,442,1254
301,757,877,124,2059
745,853,397,997,2992
595,785,527,765,2672
831,96,486,698,2111
480,699,636,795,2610
688,578,188,821,2275
272,988,780,782,2822
306,463,152,218,1139
606,364,829,522,2321
724,472,994,58,2248
255,865,874,671,2665
788,639,759,982,3168
798,556,502,481,2337
926,998,479,326,2729
140,387,962,344,1833
109,940,695,876,2620
739,951,629,957,3276
1,877,743,225,1846
373,590,16,958,1937
80,986,733,824,2623
43,135,780,8,966
270,280,800,177,1527
572,820,148,657,2197
354,731,810,515,2410
782,808,86,487,2163
552,28,315,958,1853
703,488,383,211,1785
126,316,79,79,600
43,603,140,412,1198
225,972,297,911,2405
232,353,893,582,2060
906,171,546,353,1976
871,620,539,366,2396
44,634,897,649,2224
852,80,207,963,2102
931,987,906,447,3271
649,677,598,186,2110
263,821,588,319,1991
592,156,828,926,2502
311,809,92,118,1330
331,109,407,843,1690
296,313,492,388,1489
995,534,756,362,2647
366,477,1000,230,2073
635,130,601,484,1850
784,852,990,833,3459
182,977,698,432,2289
202,340,611,209,1362
150,103,900,1,1154
381,124,380,946,1831
378,483,576,525,1962
410,869,64,371,1714
304,95,135,800,1334
137,756,530,529,1952
394,6,631,616,1647
848,74,887,21,1830
73,386,971,113,1543
289,621,976,698,2584
395,7,727,504,1633
928,40,220,325,1513
471,389,473,199,1532
267,519,574,802,2162
385,956,486,941,2768
367,687,646,681,2381
160,675,402,479,1716
811,29,412,641,1893
840,472,880,872,3064
877,39,981,903,2800
320,696,578,368,1962
363,638,70,685,1756
344,938,668,212,2162
214,173,90,725,1202
969,382,366,116,1833
805,750,703,283,2541
266,400,1000,2,1668
881,348,141,223,1593
514,946,660,315,2435
223,64,818,600,1705
106,670,796,768,2340
244,37,992,155,1428
170,907,22,210,1309
181,412,800,59,1452
314,230,910,724,2178
542,850,775,878,3045
37,316,452,889,1694
202,760,290,325,1577
674,66,28,344,1112
453,246,265,656,1620
734,946,631,279,2590
811,231,787,74,1903
17,140,866,147,1170
658,669,914,302,2543
940,434,426,875,2675
525,544,742,750,2561
720,478,750,31,1979
296,474,642,692,2104
356,398,475,727,1956
816,336,777,586,2515
730,253,895,904,2782
709,692,660,578,2639
872,601,98,351,1922
64,931,646,363,2004
733,706,828,965,3232
306,33,826,507,1672
519,237,292,787,1835
144,841,878,893,2756
884,330,416,744,2374
677,240,996,928,2841
278,825,517,447,2067
536,465,563,647,2211
625,908,290,685,2508
65,568,446,782,1861
427,316,597,47,1387
532,721,425,661,2339
148,534,101,994,1777
943,965,774,64,2746
70,782,379,387,1618
95,443,352,657,1547
636,590,360,948,2534
739,628,591,322,2280
182,718,724,352,1976
10,568,508,376,1462
95,935,395,599,2024
926,376,597,534,2433
540,578,737,391,2246
797,307,485,423,2012
672,391,494,17,1574
721,107,463,562,1853
435,378,481,486,1780
713,290,969,283,2255
345,399,537,766,2047
238,974,749,48,2009
626,112,207,679,1624
106,207,593,138,1044
842,557,346,410,2155
165,634,536,72,1407
65,724,617,83,1489
702,495,809,435,2441
536,537,945,893,2911
160,648,210,318,1336
778,378,820,319,2295
264,567,881,130,1842
75,512,0,628,1215
33,496,948,575,2052
395,839,514,244,1992
782,40,69,674,1565
399,302,690,855,2246
442,67,301,998,1808
88,282,730,715,1815
478,108,736,361,1683
247,913,342,769,2271
217,699,68,637,1621
957,111,83,737,1888
580,544,954,360,2438
766,193,139,883,1981
402,870,1000,235,2507
966,362,656,278,2262
476,894,59,840,2269
706,198,722,170,1796
523,669,662,19,1873
33,634,134,774,1575
757,898,905,770,3330
847,902,22,133,1904
446,928,632,604,2610
19,480,4,363,866
537,801,833,665,2836
830,133,691,568,2222
117,752,401,389,1659
11,744,585,185,1525
534,428,89,526,1577
340,234,583,208,1365
385,734,933,211,2263
805,435,140,1,1381
657,270,560,806,2293
8,777,740,334,1859
373,761,181,289,1604
648,846,559,170,2223
719,243,284,781,2027
884,26,23,148,1081
68,478,292,963,1801
660,778,574,239,2251
787,163,12,871,1833
942,755,558,523,2778
386,654,807,402,2249
840,299,110,505,1754
149,233,568,880,1830
600,715,33,712,2060
964,354,786,87,2191
146,228,945,763,2082
503,956,384,199,2042
456,447,158,832,1893
32,844,808,213,1897
951,441,880,161,2433
99,961,306,749,2115
347,662,907,516,2432
977,85,226,368,1656
262,72,792,18,1144
555,877,124,536,2092
788,329,8,537,1662
537,648,626,353,2164
420,492,810,771,2493
723,359,237,822,2141
542,35,54,132,763
721,535,666,787,2709
344,257,16,408,1025
30,788,621,347,1786
854,773,919,890,3436
281,495,78,594,1448
706,166,738,408,2018
621,815,174,906,2516
932,153,903,181,2169
797,919,72,351,2139
401,185,558,471,1615
380,496,663,280,1819
725,141,492,252,1610
218,760,626,531,2135
461,259,644,771,2135
391,671,545,581,2188
431,517,142,360,1450
99,435,79,588,1201
346,72,783,668,1869
991,307,165,818,2281
779,836,11,664,2290
548,479,496,161,1684
812,992,826,613,3243
137,715,548,787,2187
784,227,450,68,1529
126,265,573,878,1842
689,355,441,352,1837
848,219,756,996,2819
271,654,310,590,1825
224,647,609,160,1640
514,367,564,522,1967
190,43,278,875,1386
421,9,355,21,806
151,307,341,781,1580
140,396,431,61,1028
140,791,607,662,2200
185,537,580,921,2223
298,277,892,240,1707
236,824,477,124,1661
89,675,316,230,1310
41,696,309,582,1628
1000,697,303,189,2189
56,39,707,199,1001
288,603,818,375,2084
66,643,795,96,1600
593,631,305,870,2399
55,581,960,807,2403
479,784,527,354,2144
353,438,728,940,2459
85,97,663,1000,1845
907,241,385,704,2237
942,873,465,159,2439
174,7,309,181,671
612,763,874,895,3144
439,145,503,701,1788
391,318,825,108,1642
67,114,209,34,424
70,335,824,828,2057
760,425,857,678,2720
705,230,378,465,1778
321,378,180,693,1572
672,604,825,313,2414
333,574,808,238,1953
114,370,413,891,1788
828,97,136,792,1853
33,667,703,751,2154
414,870,446,746,2476
345,275,118,194,932
294,61,660,756,1771
331,379,989,982,2681
985,731,925,337,2978
147,589,345,642,1723
691,310,409,212,1622
358,590,540,471,1959
466,743,794,838,2841
608,453,730,419,2210
186,991,829,388,2394
619,132,996,515,2262
815,821,99,16,1751
817,787,594,341,2539
937,929,349,95,2310
515,921,28,805,2269
610,999,239,916,2764
310,467,755,867,2399
18,199,662,831,1710
483,896,151,926,2456
856,32,19,617,1524
590,470,531,141,1732
370,573,260,227,1430
81,59,503,597,1240
423,965,605,604,2597
584,309,673,860,2426
277,952,490,140,1859
938,402,235,204,1779
680,449,13,966,2108
315,400,874,949,2538
967,878,366,857,3068
198,153,346,18,715
777,831,737,934,3279
439,548,802,670,2459
791,95,531,816,2233
301,459,446,825,2031
254,951,819,851,2875
193,398,881,667,2139
811,758,754,181,2504
881,706,780,147,2514
405,984,474,129,1992
932,433,448,526,2339
881,295,119,135,1430
21,824,810,697,2352
442,811,672,746,2671
432,371,914,781,2498
989,195,485,103,1772
185,990,358,350,1883
258,925,359,88,1630
613,422,566,945,2546
195,188,138,967,1488
241,678,671,47,1637
931,342,78,512,1863
501,868,510,965,2844
621,979,706,371,2677
112,642,893,615,2262
199,658,328,166,1351
531,494,58,18,1101
695,259,810,685,2449
796,203,243,551,1793
583,694,469,21,1767
280,460,793,300,1833
743,4,585,429,1761
417,459,107,621,1604
751,164,416,809,2140
143,641,638,197,1619
30,777,755,804,2366
333,115,166,956,1570
915,168,308,817,2208
688,872,554,664,2778
225,830,605,62,1722
987,485,736,871,3079
799,75,191,507,1572
341,342,431,651,1765
838,305,120,13,1276
518,893,279,82,1772
135,95,988,674,1892
257,411,304,432,1404
873,440,821,453,2587
424,215,351,655,1645
202,520,15,779,1516
988,609,218,182,1997
30,839,1,82,952
466,984,606,554,2610
553,777,746,941,3017
23,409,514,534,1480
214,95,388,114,811
127,263,733,584,1707
525,349,987,424,2285
196,368,897,744,2205
701,912,639,950,3202
737,32,951,768,2488
884,583,459,35,1961
286,89,582,999,1956
36,929,549,276,1790
108,569,392,90,1159
287,329,367,785,1768
915,493,46,8,1462
122,629,834,93,1678
925,519,473,679,2596
134,682,43,936,1795
875,292,648,240,2055
92,239,53,573,957
723,667,709,250,2349
688,934,719,745,3086
77,304,375,309,1065
678,13,786,393,1870
521,427,349,786,2083
314,417,166,106,1003
680,394,552,82,1708
964,502,216,539,2221
643,682,270,278,1873
364,173,827,838,2202
576,245,469,835,2125
491,887,430,115,1923
157,425,230,213,1025
586,537,607,567,2297
344,582,421,810,2157
474,992,105,81,1652
219,766,250,732,1967
368,561,958,982,2869
632,372,441,972,2417
280,1,656,104,1041
897,761,213,380,2251
142,86,885,491,1604
926,304,198,600,2028
367,179,248,550,1344
916,263,574,88,1841
193,790,689,346,2018
163,969,419,402,1953
314,854,788,934,2890
280,411,238,607,1536
764,602,798,728,2892
962,139,896,124,2121
437,116,949,185,1687
917,990,223,707,2837
508,812,736,967,3023
518,168,786,292,1764
822,988,814,849,3473
675,387,955,220,2237
769,634,729,291,2423
813,994,465,605,2877
412,174,237,604,1427
256,738,87,196,1277
85,707,216,702,1710
549,654,527,403,2133
229,319,607,32,1187
63,122,404,171,760
966,572,564,783,2885
331,877,63,626,1897
480,913,612,149,2154
485,824,908,136,2353
261,882,422,338,1903
147,384,511,785,1827
529,277,555,805,2166
166,363,140,964,1633
239,124,282,141,786
35,619,975,420,2049
780,847,215,27,1869
224,638,865,710,2437
656,30,398,582,1666
393,112,467,976,1948
260,45,525,35,865
137,254,595,326,1312
266,198,836,830,2130
557,829,751,58,2195
651,815,362,480,2308
905,562,589,294,2350
248,586,355,967,2156
35,858,128,873,1894
672,46,885,824,2427
793,799,827,859,3278
783,51,769,802,2405
379,236,291,491,1397
442,722,298,503,1965
727,403,671,668,2469
501,337,854,960,2652
554,357,727,218,1856
420,116,45,185,766
546,529,63,917,2055
259,745,659,986,2649
486,166,682,554,1888
244,73,794,964,2075
407,296,92,252,1047
36,252,710,426,1424
275,776,83,1,1135
771,55,419,50,1295
327,865,49,585,1826
10,972,781,554,2317
887,355,880,430,2552
651,70,905,867,2493
75,516,606,810,2007
670,367,918,395,2350
748,872,555,243,2418
273,448,241,194,1156
74,282,931,866,2153
595,992,784,660,3031
643,741,951,642,2977
776,283,686,82,1827
374,707,722,6,1809
159,170,174,193,696
802,124,850,125,1901
687,503,823,812,2825
550,499,892,872,2813
916,517,988,140,2561
409,248,230,38,925
154,347,338,505,1344
366,369,231,572,1538
438,777,752,905,2872
926,627,93,667,2313
844,566,20,980,2410
897,624,790,909,3220
425,357,47,258,1087
599,630,440,184,1853
486,893,908,860,3147
852,988,740,954,3534
967,917,502,838,3224
790,642,407,965,2804
524,967,387,232,2110
311,562,200,254,1327
356,735,338,964,2393
73,302,778,751,1904
782,254,656,467,2159
470,347,628,781,2226
125,267,767,382,1541
4,197,235,682,1118
180,210,275,588,1253
343,282,700,282,1607
953,308,164,612,2037
614,300,55,267,1236
622,48,914,701,2285
215,399,47,931,1592
797,868,773,49,2487
194,541,120,868,1723
679,554,909,805,2947
755,435,99,64,1353
434,792,23,22,1271
197,441,971,726,2335
467,907,609,616,2599
655,531,148,108,1442
85,983,579,438,2085
800,8,638,285,1731
643,788,599,910,2940
699,308,96,686,1789
790,762,164,457,2173
312,560,337,117,1326
808,36,73,168,1085
197,996,676,89,1958
953,628,910,970,3461
866,372,809,89,2136
899,567,145,759,2370
521,4,992,895,2412
839,790,667,580,2876
351,872,353,677,2253
635,427,254,480,1796
345,920,612,967,2844
791,319,608,950,2668
145,772,109,461,1487
98,60,763,534,1455
95,68,953,756,1872
635,149,84,785,1653
242,49,419,377,1087
931,206,114,182,1433
850,655,935,64,2504
133,206,301,98,738
547,821,420,959,2747
436,829,298,453,2016
410,561,997,222,2190
183,796,772,563,2314
724,4,699,56,1483
804,502,326,224,1856
764,726,390,980,2860
606,249,491,50,1396
599,977,203,819,2598
686,280,273,194,1433
728,712,563,672,2675
210,597,569,583,1959
321,896,936,618,2771
285,602,691,959,2537
337,124,569,390,1420
624,592,902,342,2460
867,855,923,53,2698
192,32,354,862,1440
720,338,346,151,1555
722,169,125,834,1850
568,993,0,718,2279
978,888,512,596,2974
873,133,122,625,1753
347,415,118,709,1589
407,942,728,28,2105
852,452,214,97,1615
955,267,722,539,2483
104,701,48,642,1495
473,177,551,898,2099
946,993,88,245,2272
320,551,483,500,1854
762,523,979,258,2522
429,213,644,455,1741
59,213,373,246,891
960,624,467,490,2541
162,529,932,940,2563
898,96,760,806,2560
842,291,458,55,1646
461,197,572,257,1487
498,749,318,502,2067
403,663,952,197,2215
643,356,866,614,2479
697,8,478,120,1303
343,403,271,719,1736
256,97,278,188,819
937,156,700,84,1877
398,719,837,509,2463
932,621,459,963,2975
661,865,378,469,2373
629,125,59,592,1405
126,645,199,461,1431
201,468,955,117,1741
274,744,485,765,2268
980,739,994,62,2775
293,903,925,832,2953
592,279,676,768,2315
420,406,941,255,2022
609,73,482,477,1641
457,360,159,254,1230
893,111,263,106,1373
502,184,889,96,1671
157,479,461,842,1939
674,907,189,225,1995
452,916,808,936,3112
673,862,555,284,2374
69,881,779,972,2701
0,662,643,36,1341
841,389,443,660,2333
60,158,81,996,1295
355,987,124,113,1579
297,491,540,98,1426
95,43,265,964,1367
28,618,782,105,1533
636,523,609,357,2125
418,139,138,503,1198
155,630,555,833,2173
28,893,264,47,1232
90,392,704,104,1290
161,274,874,445,1754
960,546,544,945,2995
827,887,448,227,2389
519,980,349,273,2121
156,68,986,477,1687
202,379,583,294,1458
155,254,403,280,1092
138,231,528,915,1812
766,835,674,401,2676
318,80,750,348,1496
662,266,497,39,1464
101,922,869,157,2049
831,474,598,814,2717
751,936,106,977,2770
243,775,805,849,2672
9,460,231,803,1503
157,819,430,142,1548
911,844,792,887,3434
484,851,618,751,2704
857,397,628,272,2154
79,496,227,810,1612
197,61,311,768,1337
827,548,412,142,1929
733,17,343,438,1531
394,519,847,850,2610
872,744,11,503,2130
70,482,826,76,1454
645,286,371,996,2298
642,956,728,434,2760
420,206,229,741,1596
628,790,129,674,2221
317,913,647,430,2307
179,226,611,752,1768
18,264,793,26,1101
722,501,968,654,2845
171,809,994,476,2450
43,613,580,522,1758
790,136,280,901,2107
219,167,969,927,2282
401,805,274,427,1907
436,505,877,701,2519
649,906,489,569,2613
319,794,583,111,1807
169,333,640,510,1652
660,909,681,754,3004
261,138,18,335,752
188,236,435,931,1790
695,499,709,677,2580
706,486,333,800,2325
261,64,264,368,957
770,687,52,434,1943
516,672,724,419,2331
278,937,10,839,2064
485,942,582,19,2028
364,813,355,296,1828
254,787,367,310,1718
166,271,386,539,1362
960,609,565,503,2637
167,612,850,692,2321
755,997,902,446,3100
681,407,11,165,1264
700,562,862,732,2856
654,351,9,505,1519
276,760,767,734,2537
162,220,480,889,1751
891,314,275,469,1949
211,3,80,274,568
424,243,364,733,1764
792,819,319,1000,2930
407,728,433,590,2158
753,697,750,295,2495
886,957,59,18,1920
530,293,483,912,2218
799,245,586,880,2510
961,542,137,610,2250
413,459,221,91,1184
883,342,35,725,1985
517,813,85,726,2141
457,140,734,848,2179
27,711,221,883,1842
746,262,62,285,1355
828,973,13,354,2168
335,476,598,71,1480
27,209,52,463,751
674,32,909,722,2337
38,397,789,287,1511
992,540,334,992,2858
552,191,267,983,1993
45,211,377,419,1052
484,589,764,170,2007
539,832,170,935,2476
196,843,369,427,1835
481,765,191,644,2081
896,180,48,228,1352
505,395,248,320,1468
500,708,96,292,1596
211,303,605,359,1478
486,998,94,761,2339
460,351,156,189,1156
224,655,392,905,2176
183,249,740,80,1252
767,776,860,673,3076
208,197,98,484,987
148,55,581,116,900
511,666,886,107,2170
170,599,33,785,1587
498,535,255,510,1798
289,519,567,899,2274
191,755,240,897,2083
708,36,127,916,1787
515,968,555,627,2665
970,175,975,475,2595
133,911,731,861,2636
276,470,779,751,2276
122,288,848,38,1296
788,379,601,645,2413
776,346,641,577,2340
502,761,716,726,2705
507,373,729,953,2562
249,912,622,0,1783
153,382,948,105,1588
856,599,169,964,2588
910,1000,61,523,2494
821,924,110,748,2603
526,523,202,96,1347
601,121,828,764,2314
111,260,608,457,1436
107,266,748,751,1872
346,290,500,374,1510
295,189,117,949,1550
506,756,579,947,2788
996,545,326,517,2384
198,405,196,730,1529
255,292,225,260,1032
783,22,294,648,1747
459,595,940,541,2535
734,369,137,510,1750
203,405,625,772,2005
421,929,178,341,1869
118,42,911,19,1090
436,38,367,723,1564
588,412,533,777,2310
180,655,339,813,1987
983,679,705,165,2532
779,660,559,27,2025
476,848,614,104,2042
974,841,729,569,3113
103,935,200,514,1752
247,169,956,450,1822
870,334,709,512,2425
776,948,97,584,2405
900,658,157,313,2028
161,866,106,726,1859
755,96,139,214,1204
970,997,242,216,2425
667,645,350,311,1973
464,265,618,825,2172
742,137,961,716,2556
787,18,23,746,1574
334,326,333,146,1139
528,457,953,162,2100
144,420,131,512,1207
300,152,9,889,1350
999,552,271,282,2104
549,595,804,615,2563
578,775,608,653,2614
66,974,778,853,2671
667,205,459,505,1836
785,293,218,269,1565
963,424,85,245,1717
350,873,652,423,2298
141,191,790,144,1266
466,452,400,564,1882
59,199,28,829,1115
569,239,157,156,1121
97,775,21,976,1869
63,546,625,369,1603
809,881,918,266,2874
382,155,552,212,1301
88,419,92,339,938
711,186,81,374,1352
488,854,555,820,2717
613,998,499,552,2662
334,375,391,613,1713
625,472,432,683,2212
600,377,543,398,1918
146,387,318,634,1485
904,393,151,489,1937
463,126,498,810,1897
890,883,998,186,2957
189,999,591,732,2511
839,525,554,72,1990
263,112,707,104,1186
204,42,219,97,562
149,786,912,150,1997
616,713,603,277,2209
774,702,113,260,1849
381,806,203,563,1953
676,145,697,521,2039
943,246,549,560,2298
54,705,635,294,1688
849,931,296,128,2204
226,333,711,407,1677
893,383,430,543,2249
632,568,359,719,2278
180,220,167,992,1559
91,905,657,730,2383
368,514,263,64,1209
746,568,856,379,2549
555,120,226,568,1469
426,526,637,63,1652
426,328,934,62,1750
506,437,46,877,1866
421,427,912,137,1897
546,343,397,384,1670
606,307,946,775,2634
870,83,129,918,2000
569,665,424,515,2173
110,141,397,785,1433
778,83,728,401,1990
221,161,166,627,1175
941,751,968,670,3330
122,256,532,728,1638
968,112,21,994,2095
675,66,108,631,1480
49,657,685,361,1752
759,910,170,50,1889
621,604,47,107,1379
905,477,875,829,3086
658,744,506,834,2742
812,193,516,799,2320
445,537,701,585,2268
141,196,330,443,1110
159,975,776,779,2689
207,784,38,214,1243
509,234,43,962,1748
425,766,286,219,1696
963,166,0,293,1422
909,849,808,43,2609
916,785,118,683,2502
562,575,162,645,1944
771,690,114,442,2017
707,961,324,930,2922
45,629,361,713,1748
792,62,700,295,1849
555,738,129,292,1714
243,576,826,884,2529
573,117,404,556,1650
608,228,619,165,1620
148,949,272,157,1526
441,409,234,432,1516
351,535,93,499,1478
406,91,797,884,2178
447,561,442,948,2398
690,16,300,211,1217
759,894,364,144,2161
200,140,635,667,1642
462,565,534,222,1783
961,828,753,37,2579
621,713,876,218,2428
731,394,927,530,2582
203,62,215,322,802
769,596,319,812,2496
568,55,860,455,1938
478,957,343,457,2235
483,463,440,64,1450
374,317,824,674,2189
242,258,144,444,1088
501,740,28,702,1971
405,1,85,475,966
614,346,344,101,1405
606,55,867,121,1649
54,350,208,571,1183
764,350,915,741,2770
714,884,199,592,2389
549,329,438,872,2188
889,75,336,770,2070
727,651,327,427,2132
933,840,55,936,2764
138,345,830,431,1744
943,647,939,361,2890
581,839,366,851,2637
337,805,241,816,2199
208,82,17,759,1066
808,921,326,124,2179
621,303,661,878,2463
881,400,845,343,2469
423,401,965,415,2204
983,752,843,813,3391
226,341,900,508,1975
36,603,350,377,1366
510,335,354,405,1604
576,125,891,855,2447
107,53,48,479,687
5,900,972,456,2333
650,309,955,275,2189
713,443,745,642,2543
567,184,144,638,1533
706,227,132,984,2049
307,238,499,566,1610
202,317,108,16,643
482,346,820,936,2584
8,719,535,32,1294
135,898,289,66,1388
178,895,314,145,1532
689,836,532,936,2993
306,616,703,436,2061
467,855,388,832,2542
925,489,468,835,2717
94,448,288,562,1392
413,155,616,236,1420
556,195,704,780,2235
809,330,436,616,2191
934,162,444,769,2309
19,493,181,176,869
705,152,248,423,1528
726,723,269,694,2412
248,89,9,29,375
938,638,863,5,2444
232,576,266,116,1190
302,551,968,701,2522
99,535,178,138,950
673,705,702,158,2238
454,953,676,793,2876
219,916,123,516,1774
268,84,961,81,1394
781,898,207,909,2795
637,172,350,925,2084
877,761,11,803,2452
349,257,98,862,1566
746,667,687,491,2591
628,556,320,115,1619
471,57,588,614,1730
377,447,917,24,1765
499,909,217,612,2237
204,426,944,955,2529
1,894,126,926,1947
138,437,387,154,1116
743,16,132,49,940
203,252,911,800,2166
399,365,675,407,1846
103,837,434,49,1423
446,755,644,282,2127
280,656,214,531,1681
743,885,725,348,2701
104,990,538,456,2088
759,73,77,911,1820
678,64,492,392,1626
993,601,362,219,2175
62,357,924,748,2091
484,347,454,992,2277
715,931,255,851,2752
369,152,66,596,1183
685,824,8,603,2120
35,855,927,96,1913
919,69,164,140,1292
385,715,847,724,2671
295,125,669,705,1794
966,971,162,309,2408
482,358,105,458,1403
465,278,942,33,1718
407,690,576,888,2561
337,255,580,621,1793
501,416,120,550,1587
998,302,346,816,2462
353,514,328,836,2031
70,807,678,243,1798
498,843,142,908,2391
37,781,606,535,1959
672,772,139,70,1653
968,391,790,251,2400
753,591,871,262,2477
479,961,131,134,1705
156,32,14,741,943
222,50,219,671,1162
922,313,988,406,2629
249,81,69,836,1235
913,611,590,544,2658
56,28,826,660,1570
235,855,381,859,2330
129,879,746,113,1867
132,365,77,668,1242
426,393,79,759,1657
146,830,128,240,1344
710,471,352,728,2261
94,517,857,17,1485
408,311,80,108,907
676,946,859,292,2773
949,218,78,502,1747
710,1000,73,16,1799
62,299,771,309,1441
333,286,127,780,1526
61,807,623,233,1724
567,402,214,605,1788
361,887,267,372,1887
257,139,549,780,1725
998,295,641,320,2254
54,601,396,238,1289
956,999,550,976,3481
662,403,116,395,1576
510,841,494,729,2574
708,386,958,181,2233
542,589,875,596,2602
517,530,251,35,1333
141,765,611,158,1675
777,350,460,234,1821
86,370,278,802,1536
127,245,65,759,1196
676,487,341,618,2122
353,158,893,724,2128
79,310,661,762,1812
326,236,144,25,731
769,791,292,866,2718
905,84,387,162,1538
452,990,468,937,2847
549,944,478,972,2943
60,903,458,346,1767
185,862,855,749,2651
845,312,784,334,2275
268,534,606,280,1688
516,359,444,745,2064
797,615,949,54,2415
502,262,594,606,1964
978,568,869,449,2864
963,999,537,199,2698
891,264,497,457,2109
344,450,503,348,1645
23,450,142,655,1270
712,896,636,177,2421
705,855,374,995,2929
785,192,329,68,1374
441,393,228,33,1095
938,834,879,555,3206
977,466,565,916,2924
552,724,281,940,2497
49,509,697,886,2141
891,710,149,392,2142
539,699,601,815,2654
182,176,469,442,1269
983,20,123,821,1947
891,771,210,976,2848
475,969,18,584,2046
148,591,222,950,1911
4,713,32,276,1025
343,770,745,644,2502
472,158,822,773,2225
597,895,451,287,2230
660,957,608,389,2614
344,75,482,87,988
527,519,378,387,1811
12,950,531,935,2428
986,623,296,101,2006
685,29,994,879,2587
59,789,771,903,2522
242,276,215,812,1545
394,255,316,252,1217
422,622,28,588,1660
942,97,778,775,2592
488,499,230,391,1608
793,543,723,839,2898
442,982,878,567,2869
190,304,493,459,1446
736,736,691,603,2766
269,708,163,785,1925
136,680,577,827,2220
114,25,698,655,1492
212,332,315,704,1563
846,205,79,419,1549
706,94,164,26,990
357,619,37,164,1177
74,732,333,619,1758
295,436,906,467,2104
232,234,449,187,1102
346,268,936,19,1569
583,929,410,859,2781
360,389,339,315,1403
257,983,546,781,2567
417,643,542,506,2108
983,231,325,477,2016
13,745,474,35,1267
377,759,183,528,1847
998,125,514,332,1969
376,834,746,32,1988
63,591,814,206,1674
629,110,689,523,1951
361,317,12,442,1132
520,861,857,396,2634
270,195,7,536,1008
392,762,331,262,1747
539,258,972,294,2063
541,628,826,490,2485
396,944,640,912,2892
124,9,193,852,1178
712,452,209,292,1665
875,68,23,925,1891
83,442,803,215,1543
761,10,975,975,2721
286,723,268,723,2000
510,1000,323,917,2750
526,668,691,780,2665
523,265,909,215,1912
644,464,641,316,2065
417,687,38,343,1485
919,595,910,525,2949
261,583,80,223,1147
346,969,137,348,1800
16,515,482,551,1564
165,249,34,868,1316
467,623,497,716,2303
441,944,811,658,2854
263,897,663,568,2391
731,784,955,300,2770
4,288,537,668,1497
117,209,818,748,1892
283,279,583,950,2095
394,41,84,753,1272
46,629,714,95,1484
510,90,961,245,1806
940,986,894,150,2970
414,619,168,747,1948
39,54,833,495,1421
69,133,333,537,1072
723,757,684,891,3055
92,907,514,614,2127
944,689,248,367,2248
425,847,567,162,2001
319,724,940,267,2250
933,398,723,641,2695
227,886,543,522,2178
145,120,81,11,357
446,749,576,522,2293
439,237,881,986,2543
633,45,689,488,1855
692,425,305,168,1590
429,564,481,486,1960
994,758,531,852,3135
616,415,664,923,2618
580,913,953,387,2833
256,285,215,907,1663
304,71,348,390,1113
412,402,703,93,1610
166,728,681,246,1821
453,669,476,479,2077
97,283,320,297,997
130,421,305,262,1118
217,293,13,292,815
654,841,333,51,1879
737,696,385,148,1966
96,919,247,721,1983
712,897,863,937,3409
134,433,892,429,1888
704,455,577,302,2038
80,563,998,36,1677
163,93,811,122,1189
1,446,134,671,1252
124,68,897,393,1482
394,794,173,596,1957
796,436,478,631,2341
602,985,624,569,2780
379,128,353,774,1634
135,47,74,761,1017
205,680,516,99,1500
843,661,174,395,2073
102,333,44,40,519
28,610,785,37,1460
640,886,979,397,2902
588,368,660,809,2425
799,641,869,136,2445
23,935,981,57,1996
609,918,516,544,2587
681,61,957,961,2660
545,1,996,81,1623
915,685,757,670,3027
729,478,235,958,2400
423,501,75,615,1614
121,155,111,729,1116
126,198,780,390,1494
593,150,213,139,1095
367,135,268,592,1362
803,564,0,351,1718
8,905,417,466,1796
697,85,18,752,1552
311,417,152,577,1457
375,352,181,37,945
501,123,646,616,1886
21,574,370,891,1856
437,145,856,204,1642
137,321,464,714,1636
220,304,29,215,768
233,31,192,625,1081
214,239,50,583,1086
383,997,623,395,2398
663,431,531,430,2055
7,848,450,527,1832
902,191,817,880,2790
143,864,531,832,2370
356,561,375,658,1950
157,527,591,639,1914
312,950,170,679,2111
289,212,117,958,1576
947,107,925,657,2636
577,253,601,367,1798
768,459,904,95,2226
1000,12,255,200,1467
615,178,756,493,2042
991,571,710,841,3113
686,3,888,589,2166
187,99,551,296,1133
806,791,97,433,2127
310,117,280,253,960
356,884,663,718,2621
437,260,530,215,1442
99,200,100,594,993
311,541,985,165,2002
194,133,934,943,2204
732,721,256,184,1893
408,267,621,180,1476
291,355,335,492,1473
484,734,115,868,2201
676,361,823,27,1887
98,543,31,995,1667
15,792,21,198,1026
495,306,7,107,915
800,39,705,92,1636
278,235,448,662,1623
627,159,182,977,1945
893,944,29,756,2622
608,65,999,36,1708
690,289,214,464,1657
433,666,496,746,2341
650,389,911,941,2891
849,13,802,392,2056
688,450,289,621,2048
781,126,739,527,2173
659,454,52,224,1389
606,876,734,14,2230
157,175,187,241,760
970,822,376,724,2892
479,972,518,861,2830
281,274,97,182,834
626,322,202,569,1719
322,347,617,229,1515
424,503,969,545,2441
498,54,755,546,1853
147,236,886,184,1453
768,429,174,200,1571
506,539,914,360,2319
135,309,703,79,1226
82,308,434,711,1535
464,778,594,575,2411
734,822,310,307,2173
922,440,845,851,3058
846,836,463,316,2461
427,250,453,525,1655
482,230,403,118,1233
618,139,24,444,1225
297,248,286,505,1336
315,149,337,686,1487
200,700,511,624,2035
637,831,515,995,2978
411,103,864,614,1992
365,35,645,509,1554
251,698,78,86,1113
114,784,111,404,1413
757,383,764,244,2148
75,891,351,497,1814
604,152,397,342,1495
975,436,916,486,2813
476,999,786,211,2472
554,667,708,919,2848
403,837,887,838,2965
348,654,119,973,2094
967,414,407,110,1898
188,828,633,566,2215
884,905,835,104,2728
785,550,933,597,2865
591,329,965,785,2670
615,310,412,740,2077
399,618,344,959,2320
538,382,918,120,1958
632,718,391,414,2155
19,768,808,89,1684
336,811,667,859,2673
411,180,344,398,1333
493,545,668,500,2206
708,306,178,784,1976
552,254,191,185,1182
724,116,846,772,2458
887,330,704,184,2105
849,745,118,777,2489
25,557,524,270,1376
110,53,594,915,1672
863,534,702,559,2658
76,759,881,918,2634
156,537,91,31,815
473,190,72,527,1262
750,511,593,434,2288
775,817,290,360,2242
513,923,907,193,2536
645,518,481,671,2315
822,647,868,27,2364
753,852,620,670,2895
981,660,413,396,2450
426,745,303,114,1588
570,623,21,293,1507
799,729,636,612,2776
886,997,99,566,2548
579,5,7,203,794
151,771,49,892,1863
577,771,187,244,1779
405,557,751,123,1836
166,235,673,421,1495
566,346,298,296,1506
163,22,943,928,2056
343,352,313,307,1315
582,661,394,562,2199
92,980,269,706,2047
603,183,969,710,2465
820,260,622,3,1705
189,776,255,588,1808
796,266,603,199,1864
137,982,612,554,2285
732,479,610,938,2759
786,521,771,348,2426
538,742,546,533,2359
574,862,747,693,2876
516,477,839,956,2788
804,420,545,49,1818
288,418,811,191,1708
86,347,883,77,1393
277,636,944,461,2318
410,949,268,873,2500
908,741,322,874,2845
331,517,899,899,2646
401,55,550,413,1419
141,908,253,914,2216
538,86,879,262,1765
310,930,346,430,2016
335,285,897,713,2230
260,393,74,611,1338
507,763,724,727,2721
365,8,283,481,1137
865,937,42,355,2199
658,483,263,5,1409
175,848,214,624,1861
499,698,839,81,2117
180,477,125,225,1007
475,837,625,881,2818
364,74,402,740,1580
275,8,744,629,1656
888,22,789,542,2241
504,154,26,20,704
415,109,41,32,597
517,795,319,35,1666
612,377,542,278,1809
970,460,844,460,2734
784,766,661,241,2452
697,121,739,942,2499
101,44,227,701,1073
286,623,426,302,1637
11,213,549,417,1190
725,816,290,365,2196
10,12,991,733,1746
374,584,476,60,1494
201,7,810,903,1921
222,499,188,932,1841
622,849,792,785,3048
122,149,120,181,572
767,503,97,772,2139
199,878,423,621,2121
408,254,22,788,1472
424,924,866,81,2295
852,329,656,597,2434
337,326,985,836,2484
146,635,290,704,1775
436,946,461,535,2378
359,791,626,751,2527
522,338,795,12,1667
443,543,434,339,1759
812,171,961,734,2678
871,525,551,440,2387
157,830,853,950,2790
703,28,923,190,1844
392,620,520,178,1710
889,865,305,799,2858
99,364,488,129,1080
307,424,508,685,1924
691,287,22,699,1699
275,929,318,304,1826
124,414,280,112,930
838,713,793,731,3075
717,787,790,167,2461
726,908,476,567,2677
363,609,113,598,1683
591,933,355,267,2146
431,690,406,444,1971
672,605,918,89,2284
48,869,824,6,1747
723,356,413,626,2118
612,183,44,85,924
683,467,591,598,2339
813,409,410,736,2368
742,536,252,357,1887
322,961,76,799,2158
303,418,345,105,1171
572,613,431,213,1829
177,178,1,919,1275
426,451,292,870,2039
602,217,497,106,1422
475,678,492,284,1929
851,906,667,654,3078
454,181,866,357,1858
968,452,193,88,1701
511,498,114,645,1768
722,13,371,599,1705
854,378,806,973,3011
719,234,805,744,2502
457,786,433,208,1884
318,399,411,557,1685
669,749,922,436,2776
499,840,603,873,2815
218,863,650,908,2639
38,218,8,91,355
690,535,133,263,1621
838,318,567,34,1757
460,797,443,253,1953
245,141,288,181,855
440,331,286,53,1110
301,286,535,941,2063
453,334,995,3,1785
682,99,275,335,1391
639,841,542,810,2832
684,854,69,316,1923
66,752,982,882,2682
512,566,455,568,2101
290,211,307,862,1670
422,595,80,805,1902
283,29,246,342,900
900,460,520,290,2170
124,1000,986,897,3007
72,155,908,65,1200
340,717,427,411,1895
82,651,427,86,1246
512,666,235,727,2140
440,391,310,633,1774
35,593,723,107,1458
714,536,208,849,2307
91,602,273,723,1689
498,838,213,242,1791
791,108,436,763,2098
943,297,399,87,1726
950,816,925,60,2751
783,354,491,50,1678
784,485,893,251,2413
506,278,348,400,1532
169,44,109,971,1293
758,243,28,252,1281
303,668,632,928,2531
566,537,696,430,2229
976,459,958,42,2435
844,96,972,30,1942
595,519,185,156,1455
1,666,404,701,1772
520,829,692,226,2267
477,554,57,178,1266
859,301,891,941,2992
219,954,223,237,1633
916,254,751,866,2787
184,626,779,742,2331
275,715,237,575,1802
890,451,946,330,2617
712,698,827,347,2584
936,809,874,701,3320
38,640,192,361,1231
719,708,958,387,2772
781,669,334,611,2395
886,838,56,588,2368
226,829,21,24,1100
160,475,563,325,1523
621,351,203,848,2023
740,528,717,116,2101
522,649,656,47,1874
329,701,421,867,2318
768,773,84,296,1921
330,381,722,267,1700
804,568,568,418,2358
569,508,951,341,2369
511,381,435,6,1333
631,63,863,365,1922
275,925,16,483,1699
51,121,599,857,1628
610,64,0,139,813
624,133,129,504,1390
612,904,790,60,2366
476,605,936,206,2223
65,782,415,276,1538
743,607,840,742,2932
937,84,24,540,1585
87,775,333,74,1269
486,180,345,961,1972
576,421,784,115,1896
508,754,419,957,2638
802,570,281,894,2547
13,930,836,232,2011
60,707,303,887,1957
532,853,318,691,2394
168,750,170,194,1282
86,393,441,971,1891
729,686,101,916,2432
54,6,660,716,1436
234,475,802,363,1874
973,988,860,813,3634
463,461,547,347,1818
731,73,545,940,2289
676,603,971,237,2487
340,601,584,200,1725
307,708,560,9,1584
257,947,39,593,1836
220,928,859,290,2297
950,46,950,529,2475
985,293,961,855,3094
678,248,230,233,1389
202,398,739,543,1882
823,635,291,488,2237
206,119,318,427,1070
212,305,389,460,1366
283,106,524,119,1032
119,239,866,410,1634
817,832,336,919,2904
452,676,163,400,1691
339,885,798,803,2825
100,554,111,729,1494
317,457,466,753,1993
251,999,19,169,1438
381,832,843,958,3014
266,906,48,62,1282
233,702,761,685,2381
587,455,945,257,2244
805,650,612,413,2480
988,133,341,55,1517
790,57,943,22,1812
618,184,827,976,2605
607,757,798,689,2851
251,144,961,914,2270
849,692,487,494,2522
626,175,974,629,2404
84,758,74,657,1573
954,61,730,279,2024
54,56,265,402,777
71,709,715,606,2101
133,359,580,471,1543
775,660,653,165,2253
565,397,154,868,1984
337,889,29,17,1272
816,156,750,539,2261
935,54,768,919,2676
368,870,834,299,2371
125,957,410,47,1539
201,567,191,887,1846
769,376,116,635,1896
106,54,401,181,742
472,76,161,602,1311
513,110,301,798,1722
787,279,328,575,1969
934,897,264,788,2883
942,523,579,584,2628
296,619,162,176,1253
558,270,3,12,843
411,750,727,48,1936
393,515,538,583,2029
178,686,674,743,2281
64,446,225,252,987
783,730,2,281,1796
515,69,915,74,1573
393,141,230,509,1273
714,752,250,624,2340
970,819,250,110,2149
98,596,733,821,2248
272,420,334,436,1462
792,290,411,280,1773
717,474,130,154,1475
423,204,778,679,2084
991,506,662,737,2896
13,912,953,183,2061
8,732,697,405,1842
544,826,535,72,1977
89,608,562,408,1667
958,58,853,129,1998
653,857,128,65,1703
189,938,564,62,1753
111,623,944,826,2504
403,202,177,395,1177
562,626,529,377,2094
634,207,937,374,2152
336,921,182,301,1740
289,594,264,326,1473
175,361,733,8,1277
592,359,671,570,2192
940,982,167,57,2146
962,969,926,992,3849
687,691,764,793,2935
579,673,694,348,2294
277,305,200,679,1461
583,612,282,206,1683
39,934,210,592,1775
141,518,480,643,1782
915,651,443,940,2949
41,498,592,152,1283
703,549,489,220,1961
52,746,626,18,1442
925,826,401,437,2589
882,593,362,507,2344
599,743,871,107,2320
884,629,892,685,3090
912,111,315,210,1548
662,186,63,249,1160
123,910,449,880,2362
311,28,532,987,1858
537,840,528,78,1983
59,442,814,499,1814
491,69,635,368,1563
96,379,651,991,2117
267,58,577,847,1749
237,336,595,373,1541
255,535,635,356,1781
315,235,571,956,2077
395,908,828,181,2312
292,245,887,549,1973
794,159,442,752,2147
854,987,177,31,2049
19,390,354,279,1042
976,67,683,771,2497
254,969,564,207,1994
279,142,193,569,1183
380,228,284,436,1328
468,272,580,8,1328
307,794,855,853,2809
820,520,353,628,2321
193,302,111,429,1035
504,174,688,206,1572
983,401,730,906,3020
94,588,646,51,1379
669,271,217,312,1469
633,196,375,683,1887
869,405,148,217,1639
392,891,168,188,1639
527,232,757,782,2298
265,992,163,536,1956
354,691,643,808,2496
610,15,962,407,1994
506,565,828,953,2852
561,652,222,592,2027
917,556,575,688,2736
387,699,389,3,1478
689,80,465,710,1944
290,188,184,830,1492
106,520,551,315,1492
654,806,885,264,2609
315,404,852,54,1625
48,296,207,246,797
765,503,924,954,3146
659,983,615,926,3183
403,229,935,55,1622
131,405,624,579,1739
341,987,697,985,3010
125,713,201,311,1350
893,783,217,475,2368
499,321,100,556,1476
331,274,546,852,2003
699,450,324,7,1480
705,890,369,518,2482
897,144,743,294,2078
502,150,410,217,1279
201,18,353,383,955
97,414,437,955,1903
980,503,632,501,2616
923,889,247,718,2777
511,397,612,772,2292
642,747,744,554,2687
782,659,571,682,2694
322,391,618,61,1392
429,392,94,249,1164
785,587,948,219,2539
606,221,900,839,2566
603,259,21,172,1055
927,638,87,273,1925
357,298,705,233,1593
956,496,919,755,3126
765,994,208,81,2048
468,610,72,335,1485
44,648,408,823,1923
405,451,102,585,1543
161,960,522,700,2343
287,831,642,442,2202
475,982,992,934,3383
278,66,783,361,1488
595,493,840,156,2084
123,891,918,896,2828
966,658,702,191,2517
273,567,185,15,1040
932,238,680,933,2783
221,96,422,417,1156
905,119,854,686,2564
43,390,493,921,1847
842,903,133,784,2662
784,165,16,485,1450
805,657,905,692,3059
432,375,612,649,2068
292,866,169,219,1546
62,861,342,613,1878
709,536,97,150,1492
67,348,924,50,1389
767,370,547,679,2363
511,186,512,849,2058
460,219,689,804,2172
493,277,69,448,1287
594,475,277,639,1985
606,413,434,766,2219
528,553,11,396,1488
804,58,610,982,2454
431,804,684,965,2884
559,813,649,198,2219
244,800,276,630,1950
16,324,768,34,1142
442,838,241,173,1694
818,170,136,72,1196
310,278,38,284,910
328,1,749,358,1436
405,975,528,632,2540
448,365,19,516,1348
333,299,6,923,1561
570,949,429,942,2890
86,119,704,473,1382
899,719,357,555,2530
203,391,567,58,1219
995,526,18,360,1899
777,413,49,594,1833
810,622,354,952,2738
916,471,289,536,2212
440,598,233,817,2088
125,425,378,466,1394
372,372,838,335,1917
592,812,172,44,1620
656,172,547,875,2250
466,471,788,326,2051
642,833,955,431,2861
406,981,97,363,1847
109,788,927,47,1871
921,109,833,807,2670
496,364,784,201,1845
241,278,573,94,1186
35,929,231,477,1672
25,907,727,350,2009
30,933,215,582,1760
326,202,907,770,2205
632,177,161,249,1219
430,670,949,582,2631
924,61,80,86,1151
783,766,710,726,2985
751,297,209,741,1998
63,22,811,988,1884
150,675,873,815,2513
326,362,221,571,1480
837,375,960,170,2342
282,433,474,473,1662
765,72,374,666,1877
351,883,947,209,2390
359,190,699,948,2196
278,154,583,42,1057
930,273,13,876,2092
715,69,409,247,1440
377,917,864,463,2621
70,321,297,608,1296
366,456,776,387,1985
351,782,821,194,2148
390,208,509,334,1441
672,924,447,31,2074
714,946,407,855,2922
468,219,370,889,1946
549,209,758,501,2017
872,811,487,21,2191
122,951,580,277,1930
935,838,107,599,2479
242,498,625,949,2314
326,114,703,142,1285
278,602,715,443,2038
744,514,73,108,1439
40,283,295,636,1254
30,835,546,9,1420
639,294,69,499,1501
250,805,357,500,1912
174,119,185,722,1200
561,964,826,405,2756
447,942,646,948,2983
687,711,690,972,3060
563,448,392,814,2217
411,945,357,877,2590
911,883,454,777,3025
243,532,454,18,1247
331,142,162,965,1600
450,261,839,614,2164
200,104,834,438,1576
640,881,722,301,2544
559,991,293,354,2197
329,16,515,888,1748
792,879,193,39,1903
555,877,816,723,2971
988,727,658,819,3192
927,142,6,424,1499
18,636,746,64,1464
110,403,767,955,2235
421,325,622,924,2292
830,635,662,451,2578
836,413,720,261,2230
837,411,69,134,1451
629,631,840,138,2238
973,0,443,558,1974
146,26,296,953,1421
636,203,552,852,2243
996,82,991,763,2832
280,60,78,453,871
774,758,150,936,2618
302,997,182,807,2288
35,985,220,918,2158
173,665,159,798,1795
411,207,1000,972,2590
620,248,618,587,2073
630,713,519,789,2651
922,321,6,736,1985
804,798,296,961,2859
911,699,566,324,2500
306,317,598,902,2123
497,52,331,425,1305
49,622,256,134,1061
553,467,852,339,2211
375,567,164,39,1145
563,998,862,890,3313
556,985,831,999,3371
924,71,600,445,2040
996,809,555,720,3080
407,387,959,786,2539
116,559,225,0,900
661,16,727,20,1424
147,680,337,794,1958
42,252,956,860,2110
68,402,689,107,1266
844,333,971,625,2773
529,162,533,30,1254
34,952,666,940,2592
445,530,414,701,2090
48,79,732,975,1834
4,152,810,516,1482
211,421,498,0,1130
128,447,796,269,1640
178,34,515,997,1724
601,148,701,313,1763
686,964,818,939,3407
783,192,596,816,2387
630,641,215,658,2144
315,732,642,174,1863
63,256,103,801,1223
972,694,528,90,2284
776,446,517,480,2219
692,441,490,710,2333
688,578,31,823,2120
39,601,627,693,1960
23,779,772,498,2072
861,575,293,265,1994
777,866,860,301,2804
183,276,408,395,1262
926,677,155,250,2008
663,558,290,920,2431
988,446,116,428,1978
935,228,157,534,1854
970,792,982,594,3338
397,749,138,853,2137
259,275,566,629,1729
799,751,980,847,3377
779,847,620,941,3187
37,206,181,657,1081
970,956,929,712,3567
329,773,75,340,1517
369,273,566,270,1478
119,842,0,700,1661
295,360,211,962,1828
747,268,969,398,2382
468,213,138,273,1092
143,298,511,690,1642
710,554,647,567,2478
862,57,972,356,2247
165,601,241,286,1293
434,87,99,987,1607
796,680,320,164,1960
478,626,400,650,2154
0,352,289,240,881
266,446,127,183,1022
290,184,750,922,2146
986,613,612,262,2473
735,528,356,389,2008
325,607,411,638,1981
318,348,404,758,1828
905,435,858,920,3118
159,877,431,547,2014
941,901,218,998,3058
438,291,399,622,1750
957,584,731,325,2597
745,377,983,879,2984
531,352,765,989,2637
172,721,592,752,2237
945,365,753,789,2852
922,977,789,375,3063
2,580,591,728,1901
958,267,431,323,1979
245,466,716,191,1618
901,804,285,983,2973
183,177,570,396,1326
933,588,486,778,2785
474,693,83,364,1614
621,506,863,944,2934
762,769,820,696,3047
123,165,310,452,1050
161,704,545,213,1623
487,559,153,969,2168
784,235,887,660,2566
256,830,618,111,1815
922,525,139,550,2136
409,976,937,316,2638
188,207,465,367,1227
129,314,446,257,1146
98,228,228,168,722
299,450,108,311,1168
368,2,885,194,1449
991,956,406,107,2460
978,199,934,6,2117
876,90,384,219,1569
641,461,767,775,2644
203,622,143,490,1458
650,963,31,113,1757
967,759,168,522,2416
318,388,835,542,2083
644,951,219,327,2141
549,77,701,162,1489
29,185,515,117,846
760,265,589,407,2021
554,883,90,283,1810
817,926,904,468,3115
185,765,961,136,2047
694,49,860,194,1797
883,881,179,493,2436
823,162,393,904,2282
183,186,357,856,1582
494,928,102,745,2269
599,501,960,142,2202
371,493,239,918,2021
920,955,274,528,2677
167,6,375,243,791
304,542,377,632,1855
177,402,924,907,2410
111,869,244,236,1460
99,359,955,581,1994
298,94,255,830,1477
374,871,396,637,2278
661,307,68,263,1299
447,44,885,560,1936
943,28,147,840,1958
139,801,51,689,1680
262,980,320,607,2169
976,666,980,738,3360
482,384,780,100,1746
189,425,716,386,1716
563,564,799,761,2687
916,707,463,778,2864
499,673,24,455,1651
463,410,740,990,2603
972,126,430,335,1863
442,848,708,271,2269
724,257,636,154,1771
665,873,126,554,2218
958,825,62,91,1936
285,845,357,323,1810
338,269,104,478,1189
453,991,30,602,2076
364,628,654,781,2427
988,332,654,798,2772
513,865,568,688,2634
193,506,783,818,2300
343,128,307,968,1746
693,15,942,619,2269
968,12,781,154,1915
853,21,785,82,1741
359,242,970,337,1908
296,353,527,666,1842
822,185,0,249,1256
775,223,540,961,2499
87,153,424,886,1550
659,338,411,14,1422
605,239,93,19,956
848,722,918,578,3066
189,35,189,199,612
254,809,916,52,2031
630,322,613,3,1568
585,382,852,384,2203
340,241,66,677,1324
583,770,793,478,2624
746,356,146,645,1893
598,446,165,923,2132
336,825,567,564,2292
51,801,442,329,1623
177,537,578,313,1605
103,339,80,185,707
787,381,699,282,2149
104,147,494,606,1351
132,246,737,143,1258
933,682,628,395,2638
582,627,450,518,2177
470,775,680,801,2726
910,196,601,702,2409
11,981,372,543,1907
121,70,924,423,1538
601,909,422,155,2087
422,469,179,410,1480
849,617,493,499,2458
310,489,210,374,1383
18,494,4,388,904
817,897,550,115,2379
919,262,653,842,2676
412,793,728,832,2765
541,101,529,525,1696
112,331,808,876,2127
938,24,427,737,2126
952,11,482,387,1832
807,365,595,213,1980
6,567,59,715,1347
880,687,173,705,2445
893,104,65,63,1125
280,820,628,766,2494
501,143,436,264,1344
595,411,749,502,2257
947,596,644,483,2670
186,703,425,732,2046
440,469,300,594,1803
810,178,462,621,2071
228,207,680,729,1844
369,644,234,565,1812
1,552,263,859,1675
266,38,660,394,1358
487,566,999,779,2831
804,540,734,387,2465
851,828,169,355,2203
306,719,837,146,2008
515,744,944,35,2238
48,380,208,39,675
297,449,536,321,1603
511,169,421,942,2043
902,700,47,843,2492
434,0,593,948,1975
317,894,279,715,2205
602,675,433,497,2207
782,183,94,319,1378
942,952,130,399,2423
545,609,617,942,2713
287,334,822,697,2140
253,755,540,284,1832
422,159,716,462,1759
800,174,352,475,1801
432,716,210,542,1900
520,963,809,505,2797
833,356,349,62,1600
562,641,734,496,2433
39,73,662,744,1518
356,142,27,715,1240
158,267,245,111,781
671,787,46,598,2102
859,98,424,36,1417
253,17,609,546,1425
242,144,347,717,1450
476,186,928,750,2340
917,506,640,381,2444
692,970,94,829,2585
953,122,420,522,2017
394,538,330,601,1863
228,576,810,863,2477
411,199,460,378,1448
302,207,197,728,1434
229,207,146,559,1141
381,937,951,305,2574
968,96,945,535,2544
561,372,572,331,1836
456,560,721,374,2111
336,444,913,1000,2693
495,278,951,304,2028
886,600,878,400,2764
447,238,585,164,1434
958,519,594,81,2152
585,484,220,526,1815
521,720,25,108,1374
120,416,920,830,2286
835,690,913,497,2935
177,138,747,262,1324
426,272,69,403,1170
308,127,127,949,1511
588,373,805,825,2591
349,802,53,175,1379
966,444,59,774,2243
990,258,655,392,2295
824,728,409,480,2441
891,817,59,961,2728
391,939,495,765,2590
811,954,638,770,3173
663,763,847,392,2665
220,512,930,986,2648
893,297,740,398,2328
453,495,933,497,2378
574,883,750,675,2882
786,124,788,419,2117
612,58,684,276,1630
504,76,502,438,1520
599,34,139,809,1581
992,686,395,752,2825
369,767,230,304,1670
592,26,1000,883,2501
515,284,663,11,1473
979,789,881,974,3623
96,850,168,605,1719
844,353,534,617,2348
543,490,118,671,1822
933,863,166,685,2647
200,410,145,528,1283
757,456,307,238,1758
544,940,187,559,2230
664,282,687,492,2125
877,47,165,918,2007
706,210,126,487,1529
926,218,621,223,1988
640,257,57,835,1789
168,430,15,434,1047
575,54,991,938,2558
762,72,698,849,2381
123,329,323,98,873
119,17,323,824,1283
984,408,509,424,2325
24,389,991,956,2360
212,371,947,246,1776
135,32,970,250,1387
731,140,950,92,1913
143,653,616,690,2102
511,801,489,701,2502
825,791,61,317,1994
31,468,372,413,1284
719,550,13,285,1567
621,269,70,416,1376
611,427,455,442,1935
449,157,933,424,1963
187,162,829,684,1862
783,113,38,821,1755
179,930,874,679,2662
380,44,547,809,1780
115,147,225,992,1479
495,881,752,568,2696
933,71,120,626,1750
833,792,378,930,2933
759,299,603,875,2536
895,257,711,962,2825
875,43,295,398,1611
546,837,101,510,1994
2,480,498,666,1646
515,291,735,766,2307
929,657,399,250,2235
632,332,125,560,1649
256,451,521,599,1827
459,716,438,725,2338
209,595,114,14,932
734,323,381,100,1538
200,844,760,490,2294
879,115,899,591,2484
705,137,887,587,2316
455,178,999,260,1892
651,339,243,863,2096
312,889,783,607,2591
496,865,574,797,2732
560,890,165,978,2593
269,353,340,208,1170
321,885,19,314,1539
617,506,897,353,2373
415,948,403,533,2299
973,690,343,304,2310
469,920,488,363,2240
409,453,424,305,1591
723,921,534,610,2788
868,645,194,714,2421
838,695,490,782,2805
675,724,110,669,2178
191,375,939,791,2296
865,125,297,866,2153
401,598,253,703,1955
11,879,453,498,1841
798,157,399,129,1483
541,153,913,731,2338
978,363,120,318,1779
269,861,724,864,2718
472,178,129,915,1694
211,680,992,640,2523
435,832,957,78,2302
959,249,221,211,1640
878,897,915,763,3453
400,953,741,932,3026
7,671,151,911,1740
451,867,619,341,2278
288,24,200,720,1232
619,963,111,787,2480
912,927,517,949,3305
881,238,154,867,2140
768,938,905,607,3218
914,551,454,332,2251
201,174,572,607,1554
987,522,193,722,2424
88,248,390,453,1179
84,825,598,73,1580
794,893,908,973,3568
843,649,267,648,2407
380,889,568,363,2200
242,528,466,913,2149
125,546,831,575,2077
833,131,687,834,2485
82,34,727,23,866
715,390,295,538,1938
509,329,360,103,1301
911,954,161,294,2320
463,41,951,201,1656
803,312,17,159,1291
976,52,134,264,1426
464,540,775,743,2522
599,979,586,567,2731
105,165,271,783,1324
385,449,847,265,1946
724,790,309,377,2200
1000,820,840,562,3222
50,175,409,872,1506
902,788,476,225,2391
473,332,555,860,2220
311,99,297,31,738
713,512,27,703,1955
841,558,51,452,1902
301,301,914,841,2357
700,183,339,720,1942
867,168,937,113,2085
92,346,47,90,575
751,483,58,486,1778
744,705,366,344,2159
479,260,164,64,967
922,393,998,291,2604
256,723,720,275,1974
677,678,412,854,2621
977,472,75,54,1578
718,560,661,442,2381
489,449,777,588,2303
995,732,327,98,2152
272,123,15,157,567
589,331,224,935,2079
341,959,883,313,2496
51,467,925,124,1567
487,844,675,181,2187
16,322,775,315,1428
659,510,726,548,2443
348,522,609,352,1831
534,722,396,22,1674
160,352,595,624,1731
949,100,263,580,1892
511,809,9,373,1702
772,251,833,511,2367
854,932,204,387,2377
54,401,98,92,645
972,592,394,727,2685
613,973,461,818,2865
470,265,662,544,1941
910,222,197,202,1531
792,379,9,626,1806
525,896,322,200,1943
404,337,97,355,1193
26,212,356,335,929
141,392,100,947,1580
424,28,962,320,1734
989,959,560,840,3348
339,582,312,949,2182
682,852,987,856,3377
118,692,742,144,1696
347,590,90,14,1041
135,26,670,280,1111
35,392,124,205,756
9,999,621,399,2028
703,700,182,295,1880
846,391,779,335,2351
952,982,992,629,3555
518,442,772,430,2162
689,646,650,909,2894
855,837,240,544,2476
840,382,82,813,2117
215,855,230,418,1718
104,815,28,541,1488
605,270,291,635,1801
779,868,313,130,2090
949,606,871,381,2807
446,585,83,657,1771
349,103,918,634,2004
396,332,981,44,1753
75,732,708,409,1924
722,678,456,535,2391
858,371,193,749,2171
878,633,722,301,2534
612,998,760,880,3250
127,0,628,71,826
893,532,332,702,2459
952,840,352,234,2378
359,755,363,868,2345
106,698,938,197,1939
162,363,232,855,1612
300,445,729,891,2365
575,498,0,295,1368
895,456,812,332,2495
817,820,22,136,1795
797,648,659,522,2626
210,681,14,570,1475
787,964,355,909,3015
402,962,796,918,3078
632,927,196,888,2643
157,416,95,820,1488
221,385,119,25,750
669,268,580,412,1929
930,726,534,282,2472
677,955,152,338,2122
791,82,122,227,1222
49,346,646,330,1371
44,845,162,579,1630
884,971,390,551,2796
95,265,206,225,791
143,435,863,162,1603
282,865,706,909,2762
534,401,759,735,2429
519,756,155,121,1551
8,944,883,318,2153
962,542,589,826,2919
328,349,291,425,1393
557,361,336,121,1375
233,593,434,997,2257
409,381,664,131,1585
79,699,776,655,2209
902,981,710,889,3482
738,543,993,131,2405
55,254,833,11,1153
53,155,165,898,1271
209,673,365,376,1623
755,838,877,984,3454
394,239,38,968,1639
656,795,858,408,2717
235,175,877,725,2012
503,639,233,261,1636
798,451,401,391,2041
431,523,951,998,2903
632,873,292,862,2659
26,407,784,76,1293
598,942,250,752,2542
589,681,683,893,2846
479,177,962,343,1961
354,158,762,635,1909
455,185,441,807,1888
375,787,459,627,2248
771,199,192,349,1511
777,513,999,787,3076
764,307,173,26,1270
710,936,559,161,2366
538,685,43,353,1619
135,849,409,317,1710
396,248,442,802,1888
804,500,152,751,2207
111,196,693,781,1781
262,766,903,491,2422
362,291,598,106,1357
830,773,532,279,2414
81,653,181,522,1437
360,713,140,211,1424
480,229,385,391,1485
592,888,752,465,2697
588,88,444,0,1120
741,996,53,584,2374
233,337,112,158,840
244,823,225,645,1937
188,675,830,752,2445
505,348,1,916,1770
468,741,338,454,2001
832,323,892,379,2426
23,29,693,339,1084
149,308,990,331,1778
121,920,271,813,2125
569,103,225,546,1443
511,762,869,62,2204
86,626,942,54,1708
245,365,112,73,795
422,876,42,480,1820
643,507,779,977,2906
32,221,897,436,1586
385,13,434,911,1743
840,697,274,251,2062
75,884,633,516,2108
577,196,337,499,1609
732,600,166,343,1841
356,734,598,279,1967
944,175,654,118,1891
690,326,526,649,2191
713,366,507,929,2515
494,816,232,905,2447
100,348,766,215,1429
916,753,487,916,3072
685,186,615,879,2365
607,223,721,699,2250
689,603,76,471,1839
998,276,314,324,1912
948,866,917,50,2781
206,863,353,39,1461
505,364,911,360,2140
418,736,275,921,2350
237,119,423,314,1093
540,782,85,11,1418
596,328,508,328,1760
80,226,574,594,1474
812,141,262,678,1893
466,606,192,877,2141
369,93,643,151,1256
90,139,290,43,562
805,792,690,797,3084
652,371,366,606,1995
845,740,102,855,2542
364,902,46,353,1665
770,570,480,567,2387
338,350,557,537,1782
424,677,210,795,2106
151,246,916,295,1608
840,667,160,513,2180
995,722,637,312,2666
41,125,565,393,1124
312,935,51,299,1597
425,808,522,64,1819
330,435,21,73,859
438,399,161,744,1742
804,852,155,121,1932
501,549,387,566,2003
40,132,325,553,1050
160,839,870,468,2337
935,455,127,76,1593
125,60,292,352,829
174,756,171,747,1848
874,395,327,273,1869
29,57,226,896,1208
665,404,453,754,2276
879,159,714,1,1753
548,322,11,929,1810
848,388,155,301,1692
975,542,20,625,2162
437,220,962,817,2436
67,206,466,99,838
747,342,158,442,1689
789,130,130,519,1568
61,79,133,378,651
82,503,313,953,1851
902,699,491,280,2372
969,259,118,741,2087
436,111,827,110,1484
447,750,539,436,2172
502,934,824,191,2451
943,213,148,821,2125
862,704,800,896,3262
261,767,54,32,1114
312,882,702,349,2245
989,476,142,790,2397
420,791,263,2,1476
217,468,578,345,1608
153,620,732,583,2088
865,571,651,248,2335
568,798,445,15,1826
901,128,657,341,2027
309,901,1000,510,2720
857,835,568,574,2834
784,691,215,409,2099
247,887,441,667,2242
807,257,868,966,2898
35,994,338,214,1581
397,114,802,88,1401
94,443,499,653,1689
262,421,728,38,1449
181,350,575,636,1742
395,748,933,699,2775
519,938,377,831,2665
757,84,877,907,2625
819,864,925,687,3295
351,163,923,838,2275
960,106,657,132,1855
949,604,562,326,2441
875,466,845,329,2515
507,299,278,185,1269
260,929,932,112,2233
152,171,692,565,1580
443,12,327,289,1071
761,46,39,251,1097
902,160,734,948,2744
179,268,299,938,1684
649,136,715,356,1856
860,111,762,459,2192
399,614,291,169,1473
100,278,499,428,1305
734,514,684,38,1970
353,711,819,552,2435
191,524,321,91,1127
256,345,808,23,1432
664,100,767,711,2242
419,403,597,949,2368
738,384,633,697,2452
830,967,884,242,2923
965,592,938,703,3198
817,352,565,971,2705
568,147,62,303,1080
675,160,380,80,1295
216,42,664,590,1512
388,824,973,2,2187
458,542,842,554,2396
481,487,482,761,2211
658,703,804,809,2974
875,524,589,490,2478
191,422,279,319,1211
875,442,399,283,1999
247,486,669,451,1853
500,167,598,533,1798
810,353,960,605,2728
885,250,356,142,1633
876,755,555,364,2550
520,297,452,478,1747
891,125,986,132,2134
759,595,875,941,3170
47,808,881,810,2546
947,545,190,612,2294
534,992,881,248,2655
127,794,786,776,2483
608,369,184,100,1261
569,646,562,214,1991
687,370,198,985,2240
872,489,236,568,2165
101,190,104,876,1271
917,802,212,774,2705
96,261,793,658,1808
72,72,237,529,910
818,964,208,246,2236
435,526,324,711,1996
604,632,688,904,2828
807,82,195,601,1685
669,536,639,50,1894
278,414,41,164,897
522,92,469,35,1118
231,229,245,188,893
789,142,412,265,1608
211,720,373,963,2267
134,401,872,613,2020
88,778,89,184,1139
648,109,538,714,2009
14,73,644,274,1005
571,817,97,155,1640
517,425,983,473,2398
168,7,996,654,1825
986,291,12,447,1736
832,559,113,287,1791
129,11,67,184,391
814,260,165,832,2071
270,132,795,151,1348
228,700,91,314,1333
673,259,823,181,1936
447,882,246,508,2083
337,405,163,339,1244
262,925,282,453,1922
356,489,460,990,2295
605,904,915,487,2911
970,440,841,663,2914
960,982,238,400,2580
881,605,793,927,3206
97,88,245,89,519
524,157,700,482,1863
266,932,505,676,2379
65,997,549,958,2569
807,861,119,747,2534
674,571,584,800,2629
614,164,538,911,2227
643,377,223,527,1770
61,928,145,34,1168
444,806,452,76,1778
535,661,54,846,2096
109,664,450,767,1990
602,850,540,700,2692
759,675,270,705,2409
636,750,836,788,3010
596,431,938,240,2205
944,751,266,920,2881
939,175,695,596,2405
888,456,871,431,2646
442,500,154,569,1665
45,741,965,61,1812
503,247,840,890,2480
579,216,661,273,1729
453,655,301,878,2287
403,350,541,425,1719
368,615,986,258,2227
381,697,733,303,2114
371,507,336,218,1432
903,736,833,396,2868
463,814,105,457,1839
553,239,983,935,2710
285,114,428,771,1598
516,286,275,184,1261
280,736,611,74,1701
107,693,267,456,1523
135,850,982,847,2814
375,862,13,582,1832
196,635,630,53,1514
866,154,865,967,2852
629,75,134,386,1224
630,764,46,816,2256
215,452,393,869,1929
177,540,619,617,1953
194,319,720,615,1848
77,407,573,219,1276
868,776,72,601,2317
132,592,622,193,1539
645,216,44,110,1015
83,128,325,766,1302
461,273,400,58,1192
915,97,609,527,2148
451,490,55,1000,1996
695,643,47,285,1670
985,285,679,510,2459
458,46,380,178,1062
264,868,784,572,2488
271,29,913,443,1656
131,271,264,828,1494
239,192,92,903,1426
687,639,811,755,2892
48,460,105,231,844
778,927,493,11,2209
293,394,111,132,930
255,749,533,558,2095
390,490,489,897,2266
237,931,238,130,1536
648,211,583,9,1451
403,159,578,987,2127
230,791,271,155,1447
289,653,919,289,2150
341,990,431,380,2142
420,621,806,385,2232
679,263,707,895,2544
551,444,449,580,2024
998,670,379,923,2970
799,259,546,269,1873
741,22,51,284,1098
54,286,363,286,989
682,750,525,37,1994
52,409,625,419,1505
868,224,284,842,2218
105,645,135,487,1372
131,751,401,843,2126
333,298,818,822,2271
918,382,27,503,1830
872,191,317,661,2041
775,126,110,458,1469
285,457,139,256,1137
928,535,670,573,2706
959,516,588,260,2323
447,302,872,405,2026
268,594,223,129,1214
289,851,504,394,2038
222,899,588,190,1899
159,62,897,848,1966
2,172,569,510,1253
426,333,261,496,1516
306,417,877,197,1797
855,209,397,932,2393
140,762,325,122,1349
886,278,155,650,1969
423,479,907,458,2267
944,999,523,754,3220
454,823,774,866,2917
301,912,553,24,1790
81,277,594,659,1611
110,226,534,949,1819
33,197,457,287,974
485,602,88,554,1729
153,814,776,422,2165
772,667,752,794,2985
214,357,721,151,1443
550,809,266,191,1816
545,740,272,288,1845
602,159,285,0,1046
346,643,805,413,2207
729,855,689,593,2866
883,837,539,268,2527
764,571,374,143,1852
86,175,933,28,1222
607,561,250,63,1481
779,361,587,226,1953
722,800,870,168,2560
880,33,269,654,1836
344,238,906,542,2030
247,340,165,185,937
204,297,384,192,1077
644,603,763,54,2064
360,481,885,58,1784
276,953,593,340,2162
372,853,573,909,2707
356,321,288,449,1414
645,799,237,618,2299
63,449,341,602,1455
757,462,634,35,1888
655,958,883,253,2749
5,456,59,965,1485
465,768,735,860,2828
150,194,858,946,2148
980,849,93,106,2028
472,375,576,165,1588
657,296,901,570,2424
154,986,107,837,2084
37,115,94,815,1061
491,455,708,951,2605
353,399,66,573,1391
2,587,232,604,1425
398,943,288,581,2210
169,893,334,214,1610
881,604,902,326,2713
366,871,765,274,2276
554,372,727,619,2272
327,237,428,76,1068
433,489,84,933,1939
518,223,480,702,1923
881,611,21,967,2480
953,262,15,141,1371
735,224,300,581,1840
933,41,739,27,1740
327,2,644,407,1380
114,948,680,777,2519
558,897,384,933,2772
857,817,408,577,2659
312,936,19,820,2087
495,307,764,256,1822
469,428,416,961,2274
564,639,689,762,2654
807,483,983,88,2361
371,423,989,666,2449
138,317,480,982,1917
343,435,489,856,2123
851,144,797,660,2452
576,458,134,999,2167
642,108,890,653,2293
583,274,540,153,1550
654,599,827,399,2479
220,460,459,630,1769
368,357,426,734,1885
397,7,754,87,1245
983,358,463,905,2709
678,786,426,548,2438
41,547,648,927,2163
93,547,940,65,1645
985,738,348,471,2542
900,170,594,18,1682
408,729,403,339,1879
627,645,158,105,1535
223,589,911,119,1842
846,65,171,33,1115
329,906,136,555,1926
182,331,820,602,1935
390,1000,520,993,2903
335,943,490,501,2269
571,197,16,298,1082
497,811,524,385,2217
862,829,556,769,3016
194,3,890,888,1975
348,486,54,439,1327
658,874,538,710,2780
499,492,579,421,1991
72,995,111,761,1939
513,599,91,222,1425
151,199,697,44,1091
183,371,57,157,768
641,636,459,471,2207
34,768,762,927,2491
258,922,623,939,2742
21,711,775,772,2279
555,283,375,191,1404
555,566,835,507,2463
901,296,9,452,1658
758,150,38,77,1023
841,271,750,521,2383
625,522,810,720,2677
235,568,261,734,1798
96,703,588,147,1534
749,480,516,520,2265
252,110,602,271,1235
68,417,709,76,1270
391,964,582,549,2486
826,722,754,401,2703
180,344,715,79,1318
879,377,651,898,2805
464,841,781,622,2708
5,868,647,215,1735
160,126,715,77,1078
56,817,599,738,2210
445,70,644,193,1352
542,768,481,359,2150
518,196,417,757,1888
858,168,868,984,2878
30,826,861,355,2072
923,517,986,482,2908
392,859,917,412,2580
693,67,172,808,1740
20,866,548,5,1439
255,223,902,460,1840
660,216,333,236,1445
268,92,162,724,1246
31,166,425,485,1107
644,741,657,921,2963
952,396,393,478,2219
661,576,526,787,2550
16,922,842,233,2013
117,341,668,105,1231
577,586,180,659,2002
82,262,972,446,1762
676,622,285,700,2283
643,544,177,196,1560
319,103,353,989,1764
155,240,328,899,1622
677,853,162,603,2295
276,8,329,97,710
231,42,704,957,1934
700,537,982,416,2635
635,387,704,147,1873
260,572,565,164,1561
376,406,683,934,2399
105,868,495,297,1765
68,486,57,556,1167
728,448,948,417,2541
843,814,192,60,1909
410,712,151,358,1631
8,503,143,927,1581
851,903,635,503,2892
259,114,472,887,1732
10,224,864,473,1571
416,489,861,525,2291
19,640,607,343,1609
587,832,597,17,2033
701,314,372,505,1892
810,90,45,265,1210
599,54,644,526,1823
291,563,543,289,1686
219,464,985,552,2220
612,613,636,590,2451
235,172,141,286,834
207,28,574,692,1501
453,107,149,140,849
263,670,641,357,1931
194,567,171,78,1010
371,413,592,313,1689
846,57,159,569,1631
6,243,535,330,1114
4,590,709,690,1993
443,237,484,938,2102
389,137,109,976,1611
437,996,93,475,2001
972,995,500,579,3046
256,752,148,89,1245
857,2,351,685,1895
784,84,213,597,1678
231,240,48,649,1168
515,950,207,551,2223
722,134,697,279,1832
458,39,306,648,1451
924,148,110,135,1317
666,232,372,758,2028
408,644,389,521,1962
301,362,18,903,1584
448,496,884,475,2303
74,978,646,188,1886
322,875,493,421,2111
313,998,802,832,2945
531,986,374,833,2724
134,803,22,555,1514
354,450,722,681,2207
642,54,958,261,1915
806,150,426,224,1606
94,727,647,306,1774
267,780,649,213,1909
529,550,534,262,1875
46,44,527,361,978
36,214,270,862,1382
727,327,812,969,2835
855,684,431,981,2951
389,1000,920,75,2384
120,406,523,543,1592
633,776,43,559,2011
955,636,324,880,2795
703,334,641,327,2005
487,758,118,760,2123
461,713,675,794,2643
763,905,517,427,2612
853,900,737,251,2741
560,394,656,772,2382
270,719,61,610,1660
297,328,595,529,1749
931,656,483,727,2797
885,489,683,90,2147
299,55,644,262,1260
213,111,528,971,1823
85,133,351,678,1247
234,18,547,246,1045
262,32,331,183,808
376,754,270,667,2067
984,310,751,298,2343
898,202,722,906,2728
678,714,598,360,2350
341,370,632,817,2160
849,941,986,500,3276
613,433,366,602,2014
496,174,80,514,1264
44,364,140,679,1227
248,50,17,670,985
334,137,214,958,1643
579,918,301,130,1928
444,640,403,487,1974
704,404,203,402,1713
268,289,470,310,1337
315,363,395,77,1150
220,373,742,116,1451
64,506,728,330,1628
650,433,796,816,2695
850,441,390,280,1961
599,478,351,246,1674
565,338,791,990,2684
172,404,141,695,1412
827,203,47,423,1500
801,648,320,288,2057
461,160,646,654,1921
663,475,19,253,1410
69,387,701,165,1322
997,336,638,992,2963
337,117,454,101,1009
768,734,117,527,2146
461,69,511,905,1946
315,381,443,177,1316
135,438,21,466,1060
818,426,839,578,2661
516,929,218,641,2304
65,145,386,427,1023
644,172,914,212,1942
18,176,685,682,1561
628,318,956,121,2023
236,970,489,269,1964
61,62,797,781,1701
552,622,865,94,2133
299,403,309,346,1357
52,351,174,908,1485
60,378,880,48,1366
613,360,626,879,2478
30,747,167,836,1780
495,72,443,329,1339
71,981,198,127,1377
347,365,87,995,1794
961,126,447,285,1819
500,850,248,983,2581
151,874,696,986,2707
248,115,905,489,1757
577,743,279,422,2021
705,345,598,90,1738
157,206,697,280,1340
588,30,778,930,2326
154,259,343,884,1640
668,691,25,542,1926
245,231,719,990,2185
577,207,700,507,1991
329,933,139,856,2257
480,551,62,741,1834
232,692,36,864,1824
352,714,1,812,1879
975,372,941,44,2332
636,378,803,67,1884
980,103,205,110,1398
360,403,528,817,2108
426,817,722,633,2598
299,506,317,870,1992
587,402,94,453,1536
733,731,374,463,2301
461,606,531,10,1608
33,287,274,594,1188
822,916,460,721,2919
22,819,646,287,1774
933,171,231,111,1446
791,493,261,523,2068
276,0,94,236,606
89,242,718,437,1486
361,166,564,636,1727
605,800,39,242,1686
404,346,68,503,1321
231,931,890,97,2149
280,472,549,429,1730
665,246,242,5,1158
140,476,725,289,1630
80,3,396,698,1177
870,109,922,492,2393
948,45,463,726,2182
924,508,878,772,3082
955,738,74,881,2648
320,344,861,287,1812
252,755,464,637,2108
633,727,431,758,2549
941,354,234,777,2306
843,319,214,43,1419
737,288,663,507,2195
51,326,934,528,1839
774,49,661,891,2375
824,915,159,419,2317
154,257,939,27,1377
419,658,99,952,2128
478,855,338,949,2620
917,317,141,412,1787
817,373,838,981,3009
129,849,317,476,1771
897,280,663,86,1926
377,526,143,451,1497
422,46,75,218,761
89,353,786,336,1564
290,179,814,368,1651
42,601,269,613,1525
725,986,736,569,3016
692,477,82,732,1983
931,330,137,969,2367
531,238,560,613,1942
408,624,16,146,1194
543,426,405,463,1837
814,396,482,74,1766
246,329,771,494,1840
972,513,309,803,2597
440,510,113,399,1462
282,249,980,474,1985
427,205,19,503,1154
896,572,296,307,2071
525,74,512,639,1750
630,871,443,786,2730
412,215,197,455,1279
235,764,728,25,1752
385,416,27,900,1728
741,527,375,75,1718
553,30,465,672,1720
814,915,94,295,2118
491,852,372,137,1852
518,962,779,229,2488
445,367,359,865,2036
338,992,483,404,2217
708,191,607,268,1774
968,499,848,955,3270
16,968,62,455,1501
689,292,209,380,1570
680,386,68,6,1140
173,113,224,396,906
813,153,807,476,2249
998,88,873,154,2113
261,711,397,871,2240
20,584,410,870,1884
169,293,158,82,702
949,12,488,911,2360
952,122,686,794,2554
224,656,35,740,1655
986,972,651,400,3009
176,21,755,930,1882
93,256,483,984,1816
668,454,874,969,2965
685,932,251,189,2057
476,732,41,307,1556
840,189,855,771,2655
322,234,812,149,1517
115,95,762,604,1576
577,501,324,893,2295
688,649,130,46,1513
145,737,280,979,2141
453,838,954,704,2949
278,394,470,727,1869
693,216,681,441,2031
648,338,453,474,1913
385,478,154,279,1296
958,648,536,543,2685
830,892,115,232,2069
310,908,493,630,2341
72,599,951,593,2215
404,443,934,964,2745
82,50,218,720,1070
369,369,291,887,1916
871,14,90,169,1144
514,756,381,492,2143
979,365,908,252,2504
170,112,295,68,645
634,794,602,618,2648
970,664,986,282,2902
63,263,675,983,1984
20,196,323,367,906
263,287,194,958,1702
531,717,192,382,1822
319,535,966,167,1987
722,909,766,63,2460
78,879,614,572,2143
951,258,567,446,2222
795,645,720,695,2855
29,101,804,74,1008
315,601,402,263,1581
777,84,442,207,1510
518,862,709,97,2186
961,238,760,52,2011
918,313,542,197,1970
804,527,792,329,2452
7,90,23,675,795
498,867,686,457,2508
579,8,579,131,1297
197,227,909,904,2237
37,126,185,72,420
571,186,371,57,1185
574,514,769,306,2163
910,892,717,737,3256
123,320,219,639,1301
829,250,822,355,2256
40,946,44,639,1669
910,953,671,127,2661
813,944,222,26,2005
275,628,390,512,1805
559,414,617,261,1851
408,635,548,948,2539
500,898,240,427,2065
911,975,256,441,2583
326,771,78,611,1786
535,1,302,283,1121
973,485,119,437,2014
603,585,969,800,2957
195,987,227,369,1778
795,631,142,298,1866
76,294,806,348,1524
570,559,493,661,2283
973,3,114,779,1869
384,242,802,330,1758
478,537,281,451,1747
205,675,610,362,1852
827,744,995,442,3008
421,734,176,730,2061
475,967,425,121,1988
240,700,232,311,1483
19,446,372,240,1077
347,935,545,485,2312
280,589,996,793,2658
833,756,965,730,3284
975,417,612,370,2374
737,303,623,775,2438
718,307,833,442,2300
895,913,152,835,2795
318,93,19,495,925
895,132,426,57,1510
511,568,225,485,1789
404,899,646,883,2832
646,304,393,444,1787
51,843,544,611,2049
664,222,554,158,1598
271,14,817,53,1155
553,563,259,197,1572
684,394,67,165,1310
709,957,487,920,3073
564,12,268,342,1186
185,248,954,701,2088
694,366,690,48,1798
337,596,374,683,1990
852,953,486,354,2645
821,312,521,383,2037
53,199,291,510,1053
540,222,692,487,1941
281,561,104,66,1012
359,715,249,837,2160
656,35,741,627,2059
916,958,275,768,2917
353,34,796,991,2174
131,806,190,200,1327
728,477,997,97,2299
253,895,315,628,2091
87,390,406,435,1318
937,82,807,653,2479
385,416,961,120,1882
611,776,442,516,2345
313,450,829,197,1789
385,600,372,845,2202
776,8,479,720,1983
127,13,104,873,1117
220,759,640,536,2155
964,464,296,53,1777
439,912,734,637,2722
51,641,731,337,1760
288,827,64,753,1932
782,957,858,851,3448
686,510,78,896,2170
829,633,40,856,2358
641,392,420,420,1873
126,776,993,993,2888
187,497,597,522,1803
779,813,455,517,2564
499,449,164,730,1842
191,744,966,776,2677
693,419,125,623,1860
672,665,666,977,2980
409,37,947,621,2014
572,128,907,38,1645
137,806,458,13,1414
200,396,285,699,1580
973,996,997,591,3557
383,434,109,709,1635
103,460,659,881,2103
8,807,29,210,1054
164,999,148,657,1968
197,123,763,779,1862
505,109,615,353,1582
418,538,988,437,2381
33,487,413,414,1347
377,479,273,342,1471
191,527,333,634,1685
626,462,528,30,1646
499,982,40,466,1987
696,755,190,196,1837
86,874,525,254,1739
395,819,191,636,2041
570,76,79,163,888
907,186,779,849,2721
772,108,915,32,1827
936,919,391,416,2662
836,517,891,625,2869
192,433,657,341,1623
690,517,683,815,2705
478,176,681,48,1383
697,997,820,78,2592
942,492,33,401,1868
746,745,173,947,2611
241,706,182,541,1670
710,575,919,521,2725
661,980,394,724,2759
137,94,279,949,1459
174,392,176,82,824
475,588,101,635,1799
219,99,203,802,1323
977,570,661,146,2354
688,490,535,385,2098
538,801,126,266,1731
171,213,551,155,1090
436,911,696,623,2666
264,246,614,195,1319
338,375,133,922,1768
167,340,385,855,1747
300,995,490,714,2499
452,591,824,198,2065
726,183,861,696,2466
576,446,440,852,2314
88,113,158,322,681
464,316,923,654,2357
575,795,397,489,2256
636,455,769,650,2510
549,298,230,679,1756
27,454,103,208,792
336,726,892,516,2470
49,564,706,368,1687
380,534,27,697,1638
224,852,561,410,2047
882,646,559,412,2499
876,106,95,650,1727
861,611,298,451,2221
763,722,453,177,2115
329,724,356,709,2118
944,742,156,156,1998
780,7,533,632,1952
490,576,168,353,1587
550,585,962,193,2290
276,433,214,929,1852
76,771,808,965,2620
44,662,749,164,1619
669,42,190,322,1223
584,683,883,935,3085
127,463,644,840,2074
966,905,967,262,3100
262,766,959,903,2890
132,770,322,413,1637
160,144,372,92,768
515,478,806,710,2509
271,234,427,621,1553
786,463,443,483,2175
199,620,66,854,1739
468,442,567,263,1740
274,922,152,50,1398
445,730,762,126,2063
845,884,219,902,2850
278,733,980,84,2075
935,894,9,40,1878
969,806,409,386,2570
777,734,768,808,3087
862,851,229,584,2526
901,117,163,787,1968
42,764,500,161,1467
680,274,860,389,2203
254,982,120,174,1530
480,496,121,394,1491
15,251,235,801,1302
352,990,590,532,2464
896,118,61,687,1762
375,474,678,222,1749
914,136,390,65,1505
791,920,554,958,3223
856,664,361,69,1950
876,790,368,243,2277
395,842,261,587,2085
170,696,256,264,1386
441,545,2,445,1433
758,435,571,973,2737
899,987,567,560,3013
803,804,370,375,2352
512,835,232,263,1842
862,155,695,376,2088
123,527,451,242,1343
339,762,595,930,2626
532,416,56,944,1948
913,528,425,916,2782
626,232,302,482,1642
416,913,790,634,2753
263,398,264,764,1689
150,305,996,674,2125
721,285,440,1,1447
978,185,366,884,2413
339,427,764,123,1653
118,347,890,164,1519
679,462,717,4,1862
13,452,657,3,1125
589,338,465,470,1862
313,823,17,193,1346
990,484,86,943,2503
911,140,764,770,2585
943,271,434,931,2579
249,111,640,846,1846
84,73,617,483,1257
899,56,253,590,1798
642,642,475,278,2037
849,291,508,363,2011
79,58,454,61,652
664,443,142,342,1591
373,408,302,344,1427
664,216,483,442,1805
278,105,551,917,1851
961,660,110,218,1949
400,328,494,487,1709
9,822,114,849,1794
892,546,490,48,1976
222,0,677,455,1354
916,79,216,220,1431
313,599,51,300,1263
955,458,519,253,2185
302,423,444,501,1670
968,711,710,897,3286
709,28,88,463,1288
737,599,425,358,2119
366,18,937,549,1870
357,614,819,406,2196
539,100,96,20,755
151,274,433,285,1143
611,835,181,258,1885
287,405,925,673,2290
528,216,283,843,1870
918,280,701,23,1922
651,882,820,135,2488
802,659,257,350,2068
617,145,719,439,1920
397,765,238,302,1702
642,506,576,494,2218
675,423,644,353,2095
835,887,594,96,2412
202,233,900,276,1611
310,552,395,532,1789
663,61,264,853,1841
580,753,196,409,1938
595,115,267,754,1731
585,19,530,102,1236
42,440,275,782,1539
414,423,296,261,1394
917,524,231,581,2253
873,388,802,27,2090
303,455,844,694,2296
652,916,83,292,1943
584,2,429,617,1632
803,597,996,981,3377
992,247,844,448,2531
112,413,136,846,1507
265,762,524,17,1568
52,876,368,540,1836
34,151,914,98,1197
480,79,249,178,986
352,98,489,228,1167
298,633,276,134,1341
355,931,696,10,1992
814,596,242,1000,2652
650,929,455,272,2306
126,424,715,287,1552
433,160,815,277,1685
736,737,413,674,2560
610,152,913,100,1775
174,684,299,518,1675
733,422,799,402,2356
73,711,829,710,2323
783,95,537,79,1494
172,952,197,252,1573
419,575,328,282,1604
516,344,340,762,1962
320,84,45,246,695
554,991,778,100,2423
665,603,729,896,2893
6,707,735,86,1534
380,232,683,189,1484
99,331,427,936,1793
524,82,997,974,2577
726,181,364,568,1839
506,303,949,354,2112
40,538,277,438,1293
52,791,641,716,2200
630,986,792,684,3092
826,425,140,995,2386
221,813,227,401,1662
566,299,17,451,1333
846,297,897,82,2122
979,930,71,156,2136
814,85,729,724,2352
811,719,811,557,2898
69,329,395,753,1546
680,357,101,613,1751
469,590,970,876,2905
888,410,319,226,1843
855,326,497,866,2544
902,794,862,136,2694
938,101,362,805,2206
979,56,142,877,2054
241,674,61,553,1529
715,833,902,881,3331
930,30,710,882,2552
804,704,798,82,2388
378,123,465,673,1639
963,920,278,200,2361
269,230,866,287,1652
871,829,352,611,2663
296,83,66,273,718
673,144,731,982,2530
27,541,849,301,1718
639,873,63,856,2431
263,234,7,61,565
776,193,970,385,2324
144,450,721,663,1978
553,290,125,140,1108
815,90,619,812,2336
661,282,372,817,2132
639,150,531,404,1724
746,952,458,855,3011
411,512,437,55,1415
984,699,71,994,2748
154,12,351,213,730
917,39,607,774,2337
528,848,442,984,2802
57,283,25,275,640
17,504,469,399,1389
689,359,933,3,1984
110,602,959,180,1851
798,270,580,784,2432
474,684,306,258,1722
494,125,801,682,2102
402,287,27,813,1529
68,807,49,446,1370
903,384,50,671,2008
517,62,841,707,2127
318,239,591,714,1862
731,978,689,90,2488
126,520,174,856,1676
998,459,770,721,2948
801,299,226,774,2100
208,613,979,857,2657
829,430,947,243,2449
960,518,690,577,2745
780,528,311,151,1770
607,608,388,722,2325
969,789,284,797,2839
312,479,337,909,2037
566,128,488,793,1975
874,846,347,530,2597
356,265,730,720,2071
761,664,192,444,2061
493,131,654,103,1381
594,69,8,793,1464
465,880,939,20,2304
279,460,167,937,1843
756,154,638,396,1944
309,10,217,799,1335
716,260,696,293,1965
690,619,802,559,2670
947,961,110,242,2260
309,789,85,506,1689
974,196,804,364,2338
380,43,651,155,1229
927,528,458,894,2807
671,148,135,622,1576
4,291,70,910,1275
864,911,562,714,3051
459,87,687,55,1288
499,484,62,344,1389
639,701,875,408,2623
572,455,825,916,2768
866,7,892,416,2181
538,813,198,608,2157
108,57,731,28,924
843,226,444,924,2437
327,333,3,331,994
944,224,7,15,1190
91,354,623,311,1379
918,552,787,397,2654
710,868,159,162,1899
595,187,550,727,2059
746,309,257,126,1438
279,892,725,744,2640
809,428,153,388,1778
833,37,619,594,2083
490,886,641,389,2406
139,974,872,125,2110
225,292,866,295,1678
632,894,188,869,2583
81,217,493,29,820
349,446,742,95,1632
57,986,206,293,1542
577,54,543,158,1332
919,48,810,456,2233
163,505,115,576,1359
222,440,300,212,1174
695,218,968,811,2692
403,871,341,671,2286
315,779,30,300,1424
143,293,261,275,972
906,906,385,890,3087
890,672,304,181,2047
389,986,134,402,1911
733,660,945,97,2435
798,982,342,675,2797
944,192,370,954,2460
172,520,722,65,1479
146,197,580,885,1808
818,734,129,359,2040
566,369,882,258,2075
715,101,97,703,1616
997,117,206,401,1721
590,715,296,88,1689
941,630,13,957,2541
658,32,172,550,1412
567,200,901,520,2188
764,498,471,330,2063
222,288,298,911,1719
451,805,942,861,3059
54,283,925,559,1821
689,426,645,632,2392
364,720,923,212,2219
490,200,1000,981,2671
186,931,977,719,2813
139,440,625,252,1456
578,925,503,975,2981
464,650,22,953,2089
17,542,884,156,1599
740,429,665,577,2411
46,233,784,178,1241
832,247,349,323,1751
918,425,998,32,2373
204,794,963,949,2910
161,704,137,734,1736
565,216,283,837,1901
52,118,142,973,1285
215,426,857,375,1873
448,217,993,3,1661
164,514,800,510,1988
83,12,171,8,274
94,6,655,176,931
774,236,322,740,2072
675,126,501,301,1603
385,414,552,901,2252
375,322,985,282,1964
975,875,738,854,3442
401,163,916,942,2422
669,82,799,650,2200
893,886,728,526,3033
348,19,838,208,1413
533,617,551,462,2163
380,979,346,174,1879
448,701,775,878,2802
547,515,163,591,1816
897,959,185,305,2346
914,820,610,525,2869
667,45,613,90,1415
180,583,853,463,2079
404,430,640,424,1898
916,780,286,414,2396
116,604,686,63,1469
817,582,843,769,3011
767,762,347,477,2353
938,455,167,72,1632
861,680,206,995,2742
937,339,275,174,1725
661,453,575,588,2277
916,977,588,113,2594
321,306,807,313,1747
408,778,475,613,2274
81,304,389,717,1491
619,913,454,957,2943
590,315,117,690,1712
812,472,492,706,2482
708,432,575,390,2105
4,953,806,8,1771
998,328,132,528,1986
854,396,735,247,2232
630,859,915,234,2638
245,436,602,36,1319
976,71,685,631,2363
60,838,680,185,1763
83,163,17,325,588
636,364,759,123,1882
52,889,44,524,1509
881,23,857,709,2470
935,100,430,501,1966
664,502,834,838,2838
738,703,72,948,2461
183,710,588,726,2207
513,900,420,424,2257
898,749,34,751,2432
367,734,758,336,2195
817,590,343,489,2239
356,193,89,241,879
353,534,755,155,1797
615,530,718,916,2779
983,785,527,838,3133
937,778,812,334,2861
2,772,799,494,2067
347,672,141,553,1713
737,17,661,739,2154
740,131,968,982,2821
641,60,524,417,1642
681,609,311,763,2364
62,221,890,391,1564
838,293,510,363,2004
836,57,505,32,1430
378,60,811,336,1585
707,149,280,614,1750
530,298,598,217,1643
603,614,172,895,2284
719,435,281,661,2096
823,570,38,286,1717
138,53,704,825,1720
962,863,827,959,3611
310,747,641,460,2158
176,758,495,557,1986
19,250,815,166,1250
416,69,430,459,1374
593,515,316,497,1921
585,258,90,389,1322
115,8,228,13,364
69,298,856,502,1725
858,763,895,649,3165
834,197,905,940,2876
352,171,930,108,1561
647,634,88,694,2063
819,745,187,680,2431
492,666,958,607,2723
383,206,126,63,778
589,129,497,548,1763
643,419,853,976,2891
926,675,943,781,3325
286,85,205,646,1222
655,252,488,984,2379
109,779,746,403,2037
90,403,940,849,2282
512,353,385,654,1904
187,46,502,605,1340
710,80,571,35,1396
631,681,763,404,2479
297,281,203,56,837
451,553,705,830,2539
848,498,622,314,2282
46,555,908,757,2266
819,185,286,754,2044
845,358,711,846,2760
256,934,50,742,1982
222,888,993,842,2945
153,71,462,731,1417
229,723,166,188,1306
838,436,744,25,2043
98,223,901,433,1655
685,642,689,736,2752
603,974,709,486,2772
391,993,936,769,3089
278,21,817,423,1539
961,666,596,768,2991
890,930,464,858,3142
601,22,810,782,2215
173,949,173,85,1380
925,134,986,337,2382
345,459,919,334,2057
811,726,89,930,2556
276,193,243,789,1501
230,363,883,137,1613
697,39,117,603,1456
73,383,419,177,1052
506,365,747,308,1926
508,386,433,30,1357
568,780,913,817,3078
651,318,199,917,2085
209,282,221,827,1539
566,127,771,993,2457
832,874,140,670,2516
142,126,831,293,1392
771,364,918,880,2933
713,554,922,566,2755
288,160,57,98,603
454,145,552,375,1526
988,655,854,119,2616
978,154,291,749,2172
76,815,280,626,1797
35,224,554,605,1418
54,731,676,932,2393
436,457,603,911,2407
847,534,611,285,2277
24,150,662,282,1118
229,63,967,206,1465
574,784,257,657,2272
755,944,742,199,2640
424,870,147,793,2234
881,494,728,524,2627
5,119,708,848,1680
132,294,975,909,2310
528,661,903,461,2553
719,312,556,333,1920
669,403,560,53,1685
960,483,144,282,1869
126,782,550,631,2089
459,511,411,531,1912
174,40,368,340,922
855,327,266,717,2165
435,632,898,352,2317
497,186,725,945,2353
253,575,165,952,1945
122,482,120,647,1371
946,700,398,968,3012
182,632,263,799,1876
358,40,740,466,1604
716,144,637,416,1913
827,942,378,980,3127
256,994,180,722,2152
815,533,799,322,2469
764,914,505,137,2320
450,309,10,969,1738
118,682,374,769,1943
498,748,525,221,1992
117,568,992,344,2021
363,965,979,667,2974
650,320,41,826,1837
968,31,384,36,1419
860,235,679,119,1893
782,341,165,63,1351
194,620,757,660,2231
76,228,443,835,1582
653,954,950,115,2672
550,878,368,521,2317
134,277,367,136,914
143,803,941,401,2288
36,631,25,659,1351
515,253,937,274,1979
493,660,932,501,2586
88,299,886,582,1855
496,878,461,23,1858
974,226,98,209,1507
849,557,643,668,2717
914,823,522,85,2344
413,517,262,389,1581
545,259,384,149,1337
720,871,329,85,2005
607,547,273,207,1634
643,467,281,894,2285
267,212,768,408,1655
309,552,353,160,1374
781,452,985,954,3172
114,770,442,52,1378
579,763,91,385,1818
193,585,737,309,1824
370,582,630,840,2422
839,704,193,987,2723
352,833,908,179,2272
767,769,678,986,3200
914,911,412,602,2839
90,547,118,914,1669
723,356,556,116,1751
844,396,508,779,2527
81,447,608,989,2125
704,760,207,626,2297
433,437,649,991,2510
797,925,222,431,2375
493,109,485,42,1129
570,545,805,190,2110
242,502,46,354,1144
684,857,400,643,2584
869,34,23,242,1168
306,828,870,725,2729
977,932,243,411,2563
687,708,572,714,2681
29,204,336,829,1398
416,635,505,738,2294
316,611,389,74,1390
91,121,633,345,1190
741,329,279,82,1431
270,7,132,359,768
199,895,89,408,1591
487,470,680,26,1663
561,620,429,748,2358
12,260,94,183,549
430,236,726,224,1616
38,743,851,80,1712
217,183,629,387,1416
620,297,274,298,1489
924,699,691,47,2361
422,748,104,205,1479
797,443,171,367,1778
569,637,81,482,1769
427,60,171,798,1456
423,814,302,73,1612
918,398,887,715,2918
750,593,217,635,2195
728,940,198,76,1942
786,597,202,871,2456
188,590,470,903,2151
749,832,766,607,2954
504,556,364,808,2232
913,84,598,928,2523
396,297,11,665,1369
982,157,795,605,2539
135,841,986,787,2749
794,358,114,967,2233
941,346,702,876,2865
173,482,865,642,2162
426,551,444,320,1741
679,126,787,518,2110
802,609,859,781,3051
174,13,432,467,1086
413,427,727,246,1813
240,411,189,950,1790
525,460,813,161,1959
703,451,703,802,2659
433,330,253,572,1588
905,894,644,189,2632
32,855,995,357,2239
851,917,563,558,2889
808,331,58,13,1210
994,183,776,623,2576
628,452,634,474,2188
925,406,964,976,3271
87,253,137,668,1145
398,502,210,315,1425
265,348,926,240,1779
344,803,921,17,2085
458,980,102,361,1901
318,250,791,63,1422
469,331,932,701,2433
798,956,848,582,3184
946,15,242,580,1783
771,113,452,784,2120
150,664,392,72,1278
435,254,628,451,1768
423,719,937,132,2211
657,20,414,780,1871
983,675,569,538,2765
139,452,622,117,1330
630,223,152,763,1768
278,161,140,169,748
128,770,851,767,2516
164,405,238,406,1213
313,558,602,157,1630
453,94,412,115,1074
209,551,559,267,1586
918,483,420,679,2500
931,615,493,620,2659
297,250,642,296,1485
484,673,47,321,1525
558,294,407,89,1348
360,575,887,221,2043
229,431,66,130,856
697,198,213,915,2023
283,379,795,379,1836
163,227,342,27,759
869,533,927,978,3307
997,315,128,76,1516
832,697,458,769,2756
34,685,914,105,1738
831,838,164,489,2322
227,521,269,705,1722
969,137,240,955,2301
1,438,95,979,1513
298,956,4,6,1264
472,507,600,532,2111
987,858,705,381,2931
831,279,201,437,1748
523,658,530,36,1747
529,452,618,268,1867
642,900,559,490,2591
354,886,50,401,1691
628,425,665,300,2018
138,751,48,30,967
509,75,372,580,1536
40,215,10,412,677
763,153,316,243,1475
158,625,548,602,1933
892,457,947,55,2351
54,698,352,416,1520
562,965,276,744,2547
129,643,477,543,1792
377,570,893,438,2278
136,199,88,634,1057
704,178,113,1,996
574,156,585,935,2250
108,85,469,593,1255
549,873,982,502,2906
403,221,727,112,1463
522,640,764,534,2460
714,12,404,508,1638
376,792,174,494,1836
601,932,129,673,2335
356,664,407,432,1859
854,839,531,660,2884
498,951,405,697,2551
624,253,36,598,1511
570,275,58,231,1134
902,503,32,290,1727
613,608,937,703,2861
711,533,57,763,2064
656,854,15,283,1808
668,607,955,574,2804
777,426,438,524,2165
810,824,298,928,2860
370,643,20,46,1079
302,953,870,712,2837
461,137,717,382,1697
608,481,532,157,1778
232,798,440,721,2191
317,901,340,366,1924
698,848,48,388,1982
738,806,929,816,3289
879,593,714,557,2743
149,312,89,991,1541
516,478,458,572,2024
643,927,463,675,2708
857,494,640,159,2150
507,56,18,3,584
847,956,908,39,2750
564,407,866,108,1945
825,570,493,842,2730
97,427,959,273,1756
290,281,563,148,1282
646,789,401,767,2603
56,586,617,706,1965
955,756,45,602,2358
466,54,714,871,2105
216,506,462,896,2080
816,549,405,816,2586
6,616,701,777,2100
212,607,762,684,2265
73,558,220,447,1298
51,909,580,722,2262
776,791,937,988,3492
707,502,958,121,2288
813,288,172,43,1316
239,935,548,610,2332
694,528,912,623,2757
432,142,192,15,781
387,550,230,371,1538
553,291,355,789,1988
27,648,658,518,1851
685,85,20,961,1751
520,136,738,59,1453
902,858,918,754,3432
658,487,298,292,1735
727,511,293,195,1726
204,390,282,961,1837
229,568,404,621,1822
8,544,925,283,1760
255,397,732,340,1724
985,774,995,712,3466
511,432,705,996,2644
144,325,548,209,1226
488,281,555,334,1658
844,296,492,674,2306
256,710,807,814,2587
570,490,172,612,1844
774,738,283,518,2313
595,590,428,702,2315
205,976,738,301,2220
797,766,237,467,2267
449,821,354,42,1666
117,763,386,780,2046
437,791,621,874,2723
15,444,594,718,1771
70,894,956,849,2769
351,618,746,311,2026
916,310,134,793,2153
554,591,367,507,2019
127,250,584,897,1858
331,897,752,803,2783
193,71,386,101,751
841,907,257,552,2557
474,247,627,943,2291
335,519,993,104,1951
473,854,611,836,2774
809,742,872,989,3412
960,582,150,989,2681
938,588,534,672,2732
915,615,936,217,2683
674,663,730,104,2171
128,100,86,815,1129
804,931,607,929,3271
347,380,381,878,1986
464,376,869,64,1773
335,68,222,505,1130
962,68,752,273,2055
626,589,53,694,1962
894,757,177,773,2601
929,218,329,152,1628
546,233,670,595,2044
813,186,94,311,1404
68,692,620,91,1471
311,445,569,268,1593
52,447,263,905,1667
781,216,649,350,1996
127,467,346,997,1937
170,616,980,91,1857
61,262,948,830,2101
676,764,681,967,3088
635,125,550,53,1363
392,540,614,717,2263
805,531,282,395,2013
732,76,591,653,2052
115,658,73,836,1682
95,495,58,918,1566
349,165,723,850,2087
491,994,554,934,2973
297,592,950,593,2432
977,855,44,470,2346
501,883,477,475,2336
124,861,227,126,1338
645,127,85,567,1424
409,298,636,415,1758
599,556,429,176,1760
772,545,297,20,1634
261,131,368,763,1523
899,327,490,471,2187
114,330,158,359,961
712,883,91,56,1742
257,607,278,311,1453
990,357,309,25,1681
551,708,498,243,2000
888,613,501,673,2675
731,808,542,762,2843
82,987,90,567,1726
717,830,552,382,2481
281,558,26,428,1293
545,306,637,661,2149
290,551,727,525,2093
227,230,600,496,1553
272,488,613,920,2293
175,74,325,993,1567
242,221,932,679,2074
126,808,792,480,2206
518,710,521,50,1799
411,276,143,782,1612
596,310,280,769,1955
328,884,140,965,2317
157,879,513,261,1810
479,138,801,524,1942
201,673,971,387,2232
929,102,496,69,1596
307,525,465,306,1603
108,847,121,457,1533
311,585,789,326,2011
517,230,593,868,2208
756,737,762,536,2791
652,480,327,783,2242
986,894,610,313,2803
778,953,951,3,2685
681,190,840,341,2052
435,545,843,832,2655
22,211,652,950,1835
761,752,370,31,1914
227,716,953,552,2448
536,254,596,165,1551
967,808,975,881,3631
110,928,297,984,2319
835,747,233,425,2240
748,861,232,494,2335
413,505,638,609,2165
80,150,208,27,465
311,173,781,874,2139
488,227,937,936,2588
365,894,634,974,2867
677,101,666,201,1645
352,93,76,564,1085
110,462,781,300,1653
741,57,82,916,1796
758,683,147,968,2556
643,360,238,426,1667
971,341,664,448,2424
142,721,190,371,1424
310,405,721,250,1686
275,48,807,903,2033
839,810,905,579,3133
771,110,849,927,2657
473,908,458,154,1993
536,755,991,13,2295
52,865,752,177,1846
95,989,66,911,2061
774,729,322,43,1868
158,188,599,266,1211
419,427,535,416,1797
864,220,799,44,1927
686,979,143,276,2084
243,372,604,373,1592
910,606,916,868,3300
633,20,9,159,821
260,665,49,712,1686
650,786,951,807,3194
398,284,431,307,1420
0,958,960,545,2463
136,265,907,414,1722
319,466,327,627,1739
196,297,894,833,2220
449,315,577,183,1524
96,667,362,473,1598
507,846,455,16,1824
994,814,281,151,2240
107,13,180,233,533
141,58,600,953,1752
90,140,341,884,1455
850,740,941,39,2570
506,404,496,580,1986
523,595,184,211,1513
168,826,509,899,2402
598,276,113,517,1504
284,504,0,138,926
470,267,755,104,1596
693,928,550,482,2653
506,645,996,385,2532
295,859,550,191,1895
485,34,169,119,807
826,427,23,796,2072
847,573,150,679,2249
3,834,284,915,2036
681,814,375,206,2076
398,958,434,953,2743
136,365,409,840,1750
401,604,794,532,2331
22,478,536,187,1223
989,603,814,105,2511
358,388,698,37,1481
649,871,378,175,2073
481,295,831,77,1684
715,445,248,681,2089
539,504,800,937,2780
236,286,78,399,999
152,330,457,544,1483
623,852,681,205,2361
597,603,252,853,2305
982,577,911,433,2903
903,570,607,869,2949
171,937,847,183,2138
620,507,400,493,2020
87,613,922,467,2089
776,610,379,224,1989
657,252,398,408,1715
719,13,878,239,1849
555,643,698,823,2719
643,841,522,219,2225
695,498,73,401,1667
231,540,798,568,2137
118,180,713,502,1513
33,923,414,945,2315
266,398,545,312,1521
310,807,660,85,1862
946,822,419,935,3122
812,319,953,61,2145
418,613,385,13,1429
249,803,193,884,2129
510,885,256,36,1687
147,101,406,901,1555
924,4,171,213,1312
497,943,468,186,2094
46,871,50,156,1123
56,815,896,736,2503
366,727,913,630,2636
716,479,107,991,2293
986,106,747,838,2677
844,764,576,676,2860
605,11,834,156,1606
50,489,822,62,1423
592,158,837,70,1657
853,291,787,658,2589
610,596,294,828,2328
366,608,812,202,1988
42,146,826,461,1475
639,420,221,252,1532
683,523,346,77,1629
663,241,897,61,1862
646,778,792,974,3190
566,963,684,781,2994
265,59,418,376,1118
922,348,984,119,2373
230,51,610,318,1209
946,137,525,684,2292
837,981,524,884,3226
351,243,544,698,1836
784,447,243,341,1815
922,732,776,985,3415
188,126,724,156,1194
119,942,133,2,1196
786,64,178,882,1910
531,475,778,462,2246
15,465,602,755,1837
386,414,204,148,1152
738,911,789,615,3053
153,896,29,463,1541
916,955,277,227,2375
492,660,808,599,2559
771,90,536,642,2039
282,592,790,243,1907
185,184,528,358,1255
589,347,291,25,1252
810,993,160,786,2749
545,230,52,503,1330
814,616,914,892,3236
796,456,771,870,2893
634,4,779,936,2353
91,872,317,455,1735
358,915,992,149,2414
32,3,532,35,602
740,937,930,85,2692
914,178,31,138,1261
936,901,279,576,2692
378,412,346,805,1941
943,246,800,337,2326
135,145,799,525,1604
556,514,892,324,2286
363,50,927,381,1721
554,197,697,134,1582
568,54,497,3,1122
5,514,742,339,1600
823,159,25,673,1680
521,614,889,765,2789
346,852,551,227,1976
428,342,804,25,1599
761,583,852,258,2454
238,568,221,655,1682
728,250,447,379,1804
596,280,715,88,1679
886,172,864,818,2740
286,914,519,737,2456
403,893,691,142,2129
741,394,412,895,2442
408,276,446,156,1286
406,321,503,623,1853
432,520,991,664,2607
448,123,813,434,1818
930,96,640,976,2642
679,782,172,663,2296
874,205,232,379,1690
166,913,813,581,2473
436,30,683,576,1725
51,980,805,704,2540
175,992,922,106,2195
113,52,749,34,948
867,70,820,997,2754
764,347,887,81,2079
670,118,952,916,2656
625,253,410,155,1443
881,384,164,217,1646
715,737,746,246,2444
486,163,248,655,1552
19,443,348,586,1396
370,755,465,940,2530
253,649,569,68,1539
926,472,98,485,1981
258,365,424,944,1991
324,119,542,583,1568
122,910,77,662,1771
578,458,652,455,2143
266,134,129,227,756
866,246,691,127,1930
233,283,83,316,915
256,765,309,717,2047
89,953,80,124,1246
68,720,884,953,2625
616,795,563,48,2022
971,535,248,651,2405
563,756,581,578,2478
103,258,688,4,1053
409,434,893,622,2358
139,342,688,792,1961
364,406,722,800,2292
810,85,423,557,1875
34,198,323,83,638
706,613,12,514,1845
774,547,363,0,1684
713,204,661,210,1788
994,2,863,645,2504
958,287,465,629,2339
914,272,661,967,2814
866,92,229,321,1508
888,444,912,323,2567
132,575,943,238,1888
454,168,799,40,1461
325,711,973,738,2747
979,714,925,885,3503
109,993,888,981,2971
220,446,62,612,1340
110,934,253,375,1672
334,373,420,266,1393
809,542,717,40,2108
711,400,848,21,1980
10,213,381,645,1249
630,669,703,578,2580
54,690,322,897,1963
462,751,134,120,1467
463,385,427,258,1533
812,449,130,437,1828
735,74,60,346,1215
934,40,570,74,1618
235,276,614,766,1891
250,14,979,939,2182
893,71,484,879,2327
582,759,823,696,2860
816,62,645,144,1667
50,886,197,278,1411
224,771,809,969,2773
69,475,172,488,1204
582,126,830,48,1586
706,722,803,317,2548
599,699,698,19,2015
47,13,861,602,1523
920,442,894,952,3208
10,208,686,135,1039
557,565,456,781,2359
872,308,574,224,1978
868,230,468,632,2198
779,823,775,550,2927
405,663,936,889,2893
318,331,744,450,1843
712,61,343,82,1198
572,646,744,841,2803
509,596,158,273,1536
865,200,155,56,1276
323,585,862,728,2498
656,135,560,870,2221
133,181,795,593,1702
472,617,374,683,2146
256,586,959,746,2547
623,848,778,181,2430
962,80,16,740,1798
670,81,495,850,2096
957,161,693,984,2795
278,817,886,433,2414
759,414,1000,891,3064
31,330,990,657,2008
826,133,843,821,2623
455,508,320,477,1760
496,763,177,908,2344
490,795,136,995,2416
931,586,964,260,2741
139,15,441,203,798
397,221,196,225,1039
403,821,340,539,2103
707,677,415,742,2541
501,351,319,305,1476
595,504,484,298,1881
396,594,402,142,1534
581,917,861,998,3357
293,166,831,850,2140
227,134,516,262,1139
781,563,351,372,2067
719,866,587,461,2633
733,333,704,98,1868
220,832,421,123,1596
209,862,856,571,2498
607,533,34,210,1384
670,553,283,872,2378
488,457,9,94,1048
415,467,703,972,2557
751,201,740,439,2131
753,668,107,81,1609
66,502,807,647,2022
873,763,460,803,2899
297,278,796,943,2314
317,306,110,306,1039
930,201,525,393,2049
279,773,236,220,1508
314,284,649,855,2102
883,85,712,466,2146
712,679,35,967,2393
644,220,420,276,1560
128,914,160,907,2109
381,169,501,337,1388
108,797,812,849,2566
374,67,959,761,2161
247,963,571,68,1849
784,626,906,565,2881
958,445,358,837,2598
184,935,176,43,1338
475,61,231,748,1515
518,666,139,687,2010
135,738,897,370,2140
682,433,316,319,1750
524,272,126,947,1869
879,629,430,256,2194
407,342,768,183,1700
565,952,702,339,2558
191,938,73,907,2109
286,596,137,943,1962
851,634,229,175,1889
475,189,999,220,1883
378,396,874,727,2375
352,110,371,121,954
808,842,147,67,1864
800,33,864,452,2149
516,202,34,126,878
11,996,477,985,2469
473,821,163,179,1636
442,491,654,999,2586
104,681,883,959,2627
136,642,533,751,2062
171,4,528,486,1189
558,100,602,504,1764
326,943,263,553,2085
717,2,416,470,1605
886,669,69,715,2339
749,962,735,367,2813
454,520,29,491,1494
890,330,719,814,2753
841,138,64,19,1062
962,997,849,641,3449
433,362,282,135,1212
658,173,414,997,2242
252,937,87,819,2095
365,496,430,283,1574
202,548,417,129,1296
991,108,524,164,1787
367,611,108,255,1341
135,533,627,885,2180
700,492,869,217,2278
531,789,458,253,2031
122,268,242,707,1339
637,521,3,829,1990
155,277,229,101,762
829,769,410,693,2701
454,300,896,116,1766
925,864,911,338,3038
773,60,750,700,2283
794,710,922,331,2757
469,603,552,254,1878
446,937,525,680,2588
424,776,242,841,2283
478,120,957,956,2511
296,108,153,836,1393
319,807,570,411,2107
572,276,649,621,2118
949,858,296,295,2398
322,360,201,537,1420
970,92,882,969,2913
314,53,20,525,912
790,610,129,795,2324
731,591,14,909,2245
279,545,768,513,2105
540,265,762,327,1894
35,361,7,388,791
722,107,837,155,1821
75,384,812,158,1429
796,214,646,647,2303
631,209,976,188,2004
23,989,123,780,1915
522,374,210,726,1832
255,915,902,827,2899
421,529,738,597,2285
4,172,275,413,864
717,941,110,678,2446
367,554,99,788,1808
959,4,608,940,2511
484,220,220,306,1230
711,24,560,204,1499
202,442,382,355,1381
449,511,618,960,2538
560,301,104,990,1955
969,806,74,15,1864
380,147,982,457,1966
76,369,541,584,1570
892,388,796,13,2089
540,409,306,934,2189
993,650,709,774,3126
814,948,343,126,2231
573,386,172,369,1500
551,433,217,45,1246
440,707,416,664,2227
983,485,840,608,2916
221,692,404,622,1939
504,347,221,448,1520
14,406,516,755,1691
124,872,830,578,2404
266,21,449,377,1113
936,11,796,271,2014
559,477,856,188,2080
753,491,396,402,2042
41,665,41,933,1680
675,740,52,558,2025
723,427,809,171,2130
865,429,157,420,1871
130,722,644,277,1773
117,465,6,634,1222
174,437,404,314,1329
408,841,534,772,2555
603,465,80,585,1733
603,154,864,81,1702
533,319,732,646,2230
409,898,494,707,2508
962,634,11,684,2291
253,883,975,268,2379
622,153,457,485,1717
557,544,466,104,1671
95,811,485,404,1795
292,831,865,175,2163
584,794,607,826,2811
347,209,479,125,1160
686,58,656,811,2211
455,435,604,773,2267
978,135,409,421,1943
930,913,168,210,2221
352,266,752,574,1944
896,899,386,500,2681
631,643,386,469,2129
804,641,237,936,2618
464,438,414,8,1324
303,127,213,377,1020
43,435,73,800,1351
148,352,971,242,1713
652,554,711,327,2244
623,532,833,816,2804
669,446,462,51,1628
82,646,731,484,1943
263,684,148,595,1690
70,97,847,570,1584
132,491,278,384,1285
357,484,184,620,1645
139,290,380,57,866
411,634,490,34,1569
636,858,460,902,2856
109,987,731,17,1844
354,744,223,62,1383
410,849,427,143,1829
632,390,149,629,1800
99,245,71,111,526
799,671,719,44,2233
497,853,67,179,1596
571,733,529,502,2335
36,227,182,697,1142
416,840,68,520,1844
422,951,976,406,2755
57,368,448,740,1613
709,233,932,414,2288
719,671,304,311,2005
539,3,902,35,1479
832,782,810,449,2873
824,837,500,844,3005
733,289,676,257,1955
125,774,553,266,1718
453,194,620,228,1495
195,857,646,729,2427
548,302,91,564,1505
94,613,599,991,2297
571,961,984,464,2980
174,948,481,763,2366
952,245,778,384,2359
418,75,643,301,1437
253,442,646,166,1507
148,380,518,853,1899
301,658,641,516,2116
994,220,532,906,2652
202,702,684,392,1980
763,622,52,6,1443
395,294,151,546,1386
603,492,307,701,2103
358,727,902,908,2895
632,882,262,986,2762
757,68,663,597,2085
676,855,17,355,1903
268,611,678,891,2448
775,863,974,231,2843
868,534,710,870,2982
198,864,548,93,1703
102,83,474,446,1105
159,101,757,103,1120
678,484,195,245,1602
57,527,752,847,2183
140,778,549,461,1928
697,578,143,794,2212
545,967,940,417,2869
189,671,160,434,1454
305,702,231,326,1564
36,396,953,487,1872
286,414,310,980,1990
673,388,251,590,1902
203,508,321,293,1325
247,48,641,79,1015
54,300,947,604,1905
786,671,159,294,1910
14,998,831,889,2732
483,990,447,156,2076
635,732,376,492,2235
820,669,320,276,2085
682,922,50,437,2091
430,784,92,31,1337
632,65,161,402,1260
804,753,508,870,2935
972,696,603,730,3001
674,700,994,442,2810
939,268,87,740,2034
260,91,211,197,759
582,256,172,937,1947
835,100,938,251,2124
291,131,300,726,1448
891,188,735,651,2465
507,919,791,588,2805
109,21,460,300,890
553,991,976,502,3022
352,699,463,886,2400
519,943,361,533,2356
726,367,984,762,2839
202,344,663,824,2033
373,194,248,9,824
713,604,236,572,2125
423,339,559,801,2122
560,37,80,102,779
823,53,310,927,2113
367,796,324,13,1500
649,982,296,849,2776
655,451,952,739,2797
253,889,10,449,1601
329,769,401,628,2127
666,771,99,855,2391
273,789,631,404,2097
333,660,604,483,2080
266,854,982,231,2333
3,960,392,353,1708
840,580,934,791,3145
205,253,941,182,1581
32,565,802,166,1565
228,329,1,65,623
386,772,854,70,2082
839,61,137,549,1586
738,646,676,589,2649
97,82,143,883,1205
591,106,137,24,858
469,826,339,330,1964
208,328,212,892,1640
952,997,858,55,2862
265,188,441,852,1746
660,734,549,819,2762
931,779,89,826,2625
424,980,835,62,2301
246,353,599,217,1415
408,792,406,65,1671
911,351,5,688,1955
554,890,159,337,1940
295,267,318,644,1524
885,335,203,962,2385
254,945,350,320,1869
625,887,671,405,2588
690,338,420,916,2364
553,942,15,462,1972
692,849,748,779,3068
660,897,562,588,2707
702,808,583,382,2475
208,426,774,39,1447
631,231,294,922,2078
655,484,0,419,1558
76,768,724,626,2194
51,389,950,632,2022
629,63,910,63,1665
544,239,631,276,1690
391,797,616,960,2764
846,946,751,82,2625
226,225,826,188,1465
58,986,118,735,1897
858,249,714,720,2541
82,10,777,358,1227
275,6,557,746,1584
554,624,72,846,2096
42,599,278,458,1377
203,829,221,482,1735
606,691,517,288,2102
838,896,665,345,2744
509,923,74,833,2339
515,968,663,943,3089
421,796,936,163,2316
516,309,475,209,1509
58,633,351,333,1375
379,441,464,776,2060
735,361,849,291,2236
235,669,950,841,2695
765,888,876,609,3138
619,764,165,616,2164
87,762,98,857,1804
230,547,436,781,1994
938,745,531,478,2692
491,766,892,124,2273
939,53,333,641,1966
558,277,458,282,1575
822,41,128,426,1417
704,837,634,772,2947
153,917,521,951,2542
554,894,80,48,1576
280,355,326,147,1108
753,996,624,451,2824
206,98,934,763,2001
914,469,345,130,1858
898,35,885,788,2606
376,568,259,610,1813
519,181,169,639,1508
505,250,904,115,1774
794,73,962,418,2247
425,996,197,1000,2618
283,285,230,303,1101
45,813,754,720,2332
1000,904,421,845,3170
936,986,725,134,2781
171,375,244,155,945
571,229,513,461,1774
4,88,776,655,1523
917,248,876,364,2405
794,640,901,164,2499
440,358,843,901,2542
979,775,444,784,2982
834,252,245,473,1804
971,221,194,443,1829
418,168,35,164,785
166,215,842,809,2032
22,467,305,71,865
907,51,649,469,2076
839,873,286,704,2702
684,559,441,66,1750
773,105,210,368,1456
759,483,975,729,2946
566,934,658,627,2785
312,630,2,519,1463
482,438,607,606,2133
861,474,983,580,2898
958,163,259,475,1855
763,407,670,520,2360
705,500,620,541,2366
877,164,623,576,2240
943,616,131,750,2440
90,583,606,221,1500
677,542,299,470,1988
474,942,903,902,3221
264,753,108,983,2108
956,873,624,937,3390
817,214,29,493,1553
737,884,46,606,2273
599,369,474,69,1511
857,110,324,533,1824
449,429,122,722,1722
749,586,376,868,2579
766,1000,666,958,3390
322,436,526,185,1469
547,905,105,980,2537
286,415,543,63,1307
449,303,95,120,967
387,310,112,717,1526
2,407,527,324,1260
540,637,376,752,2305
765,460,50,374,1649
897,674,493,684,2748
219,869,392,58,1538
651,499,825,449,2424
609,660,338,241,1848
225,54,160,502,941
454,999,133,469,2055
863,668,16,380,1927
60,623,949,929,2561
646,272,578,940,2436
221,319,474,721,1735
984,990,919,783,3676
884,249,147,565,1845
641,559,599,949,2748
370,397,826,839,2432
408,22,286,305,1021
358,896,257,221,1732
580,481,845,964,2870
163,136,424,226,949
216,572,694,898,2380
686,554,851,410,2501
210,597,943,138,1888
583,183,426,51,1243
487,248,357,807,1899
520,660,106,158,1444
255,783,800,70,1908
668,524,331,545,2068
449,354,846,220,1869
844,614,522,840,2820
688,546,255,702,2191
322,440,487,976,2225
251,218,699,411,1579
160,767,19,55,1001
530,829,781,495,2635
76,344,411,874,1705
988,961,149,535,2633
951,989,505,682,3127
491,598,343,219,1651
946,49,314,593,1902
389,667,449,974,2479
898,995,697,942,3532
431,393,632,525,1981
649,999,638,961,3247
247,786,310,701,2044
773,652,543,494,2462
724,15,868,557,2164
844,82,102,216,1244
218,876,413,15,1522
741,200,272,484,1697
340,57,438,528,1363
699,967,172,784,2622
995,44,200,961,2200
997,693,586,321,2597
709,72,408,278,1467
569,30,200,97,896
755,666,713,467,2601
59,440,261,694,1454
573,992,866,207,2638
251,431,443,743,1868
401,305,279,449,1434
55,269,430,455,1209
244,923,90,26,1283
218,930,91,710,1949
976,56,623,231,1886
114,101,322,564,1101
349,397,288,0,1034
420,700,642,855,2617
453,393,765,812,2423
474,607,764,557,2402
607,78,10,953,1648
574,292,122,485,1473
463,347,136,298,1244
838,903,315,520,2576
716,882,746,739,3083
652,488,785,553,2478
178,185,234,879,1476
790,286,379,351,1806
406,135,833,254,1628
164,922,3,686,1775
890,338,265,374,1867
607,351,371,769,2098
829,620,971,391,2811
749,714,315,161,1939
573,318,234,872,1997
571,326,744,432,2073
665,968,210,39,1882
639,246,722,671,2278
186,270,363,358,1177
300,780,848,243,2171
977,290,716,192,2175
680,11,620,686,1997
27,215,359,57,658
146,881,280,228,1535
4,502,667,326,1499
774,813,152,48,1787
512,341,405,510,1768
188,945,431,275,1839
697,258,849,236,2040
186,799,828,291,2104
724,971,479,971,3145
42,448,857,900,2247
718,567,372,657,2314
305,705,972,679,2661
82,975,173,871,2101
596,575,190,638,1999
419,481,643,461,2004
472,76,902,915,2365
110,689,380,708,1887
159,845,185,158,1347
659,133,575,923,2290
295,389,155,585,1424
587,240,911,897,2635
279,72,809,5,1165
604,139,110,55,908
335,57,95,863,1350
361,3,869,368,1601
14,577,104,269,964
295,529,530,884,2238
72,105,764,409,1350
667,852,880,455,2854
970,907,273,562,2712
528,937,264,10,1739
239,163,177,677,1256
50,618,528,451,1647
318,492,294,484,1588
475,77,760,584,1896
716,241,602,512,2071
628,360,557,991,2536
369,777,651,361,2158
624,128,394,290,1436
376,987,261,367,1991
246,882,220,759,2107
240,342,686,150,1418
343,266,183,215,1007
275,418,507,525,1725
291,664,235,739,1929
628,282,483,243,1636
495,183,810,536,2024
918,50,606,252,1826
124,14,521,948,1607
188,656,735,165,1744
878,300,409,333,1920
473,679,687,127,1966
432,753,554,487,2226
167,234,634,790,1825
906,552,518,330,2306
248,244,588,634,1714
147,230,812,166,1355
126,358,889,396,1769
511,386,458,451,1806
324,670,195,365,1554
967,102,970,742,2781
475,843,605,766,2689
820,524,987,758,3089
677,150,798,831,2456
41,442,867,312,1662
896,972,400,936,3204
855,205,316,799,2175
252,674,826,713,2465
793,337,873,160,2163
384,806,621,780,2591
777,398,723,792,2690
400,625,955,544,2524
752,24,718,437,1931
965,635,24,98,1722
754,420,859,671,2704
467,181,986,417,2051
187,235,29,253,704
848,907,573,800,3128
649,436,34,804,1923
850,751,224,362,2187
825,438,522,88,1873
879,829,128,116,1952
814,649,96,772,2331
368,17,593,401,1379
303,37,147,294,781
992,604,187,499,2282
997,309,346,633,2285
973,884,520,552,2929
217,39,443,418,1117
882,913,178,542,2515
214,636,227,771,1848
808,244,381,616,2049
307,920,563,149,1939
169,691,708,673,2241
513,587,955,762,2817
219,503,831,977,2530
62,854,196,395,1507
651,362,393,995,2401
946,669,549,116,2280
10,322,978,425,1735
344,994,985,467,2790
698,263,955,592,2508
195,698,469,604,1966
530,27,256,915,1728
340,102,924,845,2211
87,148,301,723,1259
173,858,460,388,1879
363,43,962,553,1921
797,814,653,930,3194
606,648,43,388,1685
826,710,128,528,2192
393,459,379,52,1283
37,645,531,884,2097
775,431,452,675,2333
381,996,39,945,2361
824,851,239,852,2766
199,804,350,711,2064
365,327,46,93,831
436,834,641,281,2192
767,745,267,223,2002
482,292,994,967,2735
993,451,378,260,2082
247,350,828,668,2093
221,887,923,578,2609
584,114,130,538,1366
45,271,772,199,1287
780,983,611,146,2520
368,413,795,458,2034
762,681,232,632,2307
566,826,247,475,2114
274,928,171,228,1601
554,908,720,448,2630
156,216,82,265,719
419,613,30,535,1597
589,751,940,338,2618
794,767,250,537,2348
237,188,837,660,1922
561,92,381,476,1510
294,438,754,116,1602
51,782,37,684,1554
744,326,176,119,1365
307,637,751,297,1992
429,372,917,363,2081
295,654,262,905,2116
919,642,666,252,2479
346,956,305,207,1814
984,139,51,443,1617
232,629,984,609,2454
210,644,378,337,1569
329,131,36,621,1117
494,658,739,737,2628
543,147,871,172,1733
343,514,606,252,1715
919,675,506,688,2788
263,520,226,181,1190
246,289,733,136,1404
996,152,857,73,2078
541,762,316,443,2062
215,780,118,184,1297
243,893,886,230,2252
196,910,462,905,2473
761,659,589,0,2009
999,650,849,921,3419
629,509,73,894,2105
676,441,430,838,2385
568,53,322,739,1682
388,719,968,799,2874
126,791,749,837,2503
474,310,224,129,1137
9,133,494,443,1079
569,156,487,921,2133
380,32,594,337,1343
839,271,787,67,1964
296,853,415,838,2402
709,41,462,245,1457
621,227,565,697,2110
103,966,694,468,2231
341,636,295,163,1435
80,94,694,828,1696
57,748,803,769,2377
890,955,331,166,2342
990,857,351,27,2225
310,931,416,492,2149
401,180,250,61,892
52,399,736,485,1672
13,561,771,558,1903
360,240,613,805,2018
837,865,331,297,2330
433,496,526,928,2383
395,784,404,306,1889
911,462,354,171,1898
713,579,14,3,1309
410,540,656,286,1892
435,380,355,756,1926
764,251,867,427,2309
976,468,919,528,2891
338,563,631,704,2236
856,734,742,90,2422
202,579,672,884,2337
617,636,143,604,2000
336,813,806,741,2696
161,49,63,545,818
127,134,458,414,1133
869,538,170,124,1701
197,669,355,703,1924
992,657,727,953,3329
339,372,433,926,2070
206,459,353,489,1507
902,912,536,523,2873
740,73,643,767,2223
912,802,506,84,2304
882,248,803,398,2331
602,847,716,790,2955
454,784,800,520,2558
19,491,141,90,741
658,968,255,701,2582
975,460,445,715,2595
883,798,93,847,2621
193,94,495,124,906
199,388,644,982,2213
230,100,440,609,1379
456,563,673,455,2147
154,582,543,341,1620
540,786,210,723,2259
902,88,78,342,1410
434,899,411,118,1862
483,840,479,446,2248
816,328,738,723,2605
665,934,759,676,3034
854,402,525,248,2029
937,71,917,838,2763
768,212,445,98,1523
70,669,611,635,1985
978,375,7,230,1590
868,224,16,637,1745
583,716,818,830,2947
517,862,170,129,1678
170,581,735,325,1811
327,180,780,845,2132
149,977,953,684,2763
960,489,408,372,2229
140,221,267,229,857
63,613,839,930,2445
545,607,206,764,2122
27,994,387,872,2280
205,487,624,683,1999
323,666,625,836,2450
182,764,838,52,1836
984,469,229,992,2674
465,167,621,665,1918
613,427,271,890,2201
399,339,206,172,1116
341,464,316,38,1159
424,822,471,189,1906
314,680,734,719,2447
325,166,72,594,1157
11,798,834,762,2405
930,680,367,700,2677
717,197,877,599,2390
539,573,713,969,2794
790,153,430,920,2293
2,848,194,937,1981
303,821,476,469,2069
51,816,21,851,1739
237,921,576,373,2107
207,451,337,434,1429
28,577,510,848,1963
973,112,225,879,2189
510,318,529,811,2168
770,67,832,944,2613
267,648,483,249,1647
119,911,31,63,1124
720,650,383,609,2362
366,608,577,620,2171
411,762,171,727,2071
396,910,704,593,2603
895,698,267,638,2498
51,742,992,881,2666
851,207,212,341,1611
651,120,70,425,1266
278,117,169,993,1557
241,449,266,921,1877
120,371,330,491,1312
220,983,828,801,2832
746,517,379,494,2136
415,536,608,958,2517
17,83,639,905,1644
123,966,195,583,1867
370,859,276,405,1910
684,902,943,111,2640
606,851,540,256,2253
74,661,533,764,2032
309,116,250,297,972
663,588,981,301,2533
605,196,539,724,2064
443,408,330,119,1300
496,637,108,119,1360
913,747,137,350,2147
870,560,559,186,2175
831,454,318,101,1704
137,17,37,107,298
94,956,431,824,2305
882,868,174,33,1957
282,102,478,609,1471
106,568,530,318,1522
745,412,877,914,2948
417,317,443,513,1690
139,511,500,493,1643
593,178,291,815,1877
756,712,987,469,2924
421,690,919,546,2576
155,367,768,807,2097
763,563,372,171,1869
988,203,168,558,1917
165,449,398,739,1751
376,688,769,768,2601
750,28,161,992,1931
574,935,727,295,2531
772,946,64,55,1837
285,464,380,797,1926
755,200,460,743,2158
916,268,534,172,1890
330,733,168,326,1557
91,787,702,917,2497
904,959,731,753,3347
517,725,133,202,1577
562,215,420,575,1772
390,537,121,408,1456
113,217,367,124,821
774,359,251,756,2140
492,499,562,782,2335
859,788,239,834,2720
880,272,901,621,2674
918,143,425,112,1598
586,278,66,655,1585
456,380,324,620,1780
3,851,309,692,1855
182,487,18,28,715
977,710,621,706,3014
234,118,816,586,1754
154,168,486,886,1694
369,905,437,324,2035
315,736,305,831,2187
700,351,63,949,2063
795,192,8,131,1126
586,248,477,530,1841
292,610,143,952,1997
965,658,952,285,2860
253,810,504,32,1599
790,346,23,183,1342
278,72,819,501,1670
733,619,541,0,1893
629,248,790,56,1723
826,456,385,387,2054
422,645,564,755,2386
318,870,374,818,2380
292,351,402,841,1886
290,473,643,241,1647
321,877,678,716,2592
767,878,832,108,2585
970,234,660,601,2465
700,626,489,278,2093
392,686,753,344,2175
582,125,509,37,1253
621,949,947,456,2973
807,309,625,259,2000
579,654,426,821,2480
419,392,241,191,1243
751,920,40,966,2677
141,347,249,486,1223
962,429,18,530,1939
454,833,393,5,1685
659,889,561,472,2581
754,51,462,14,1281
2,524,33,40,599
710,807,398,170,2085
979,187,196,84,1446
58,572,93,128,851
198,150,51,314,713
917,707,614,831,3069
761,361,646,410,2178
944,733,608,970,3255
314,440,824,357,1935
556,357,92,121,1126
230,496,135,439,1300
395,784,854,346,2379
555,903,29,428,1915
592,179,146,771,1688
890,399,313,17,1619
353,289,901,275,1818
448,789,40,89,1366
155,546,805,661,2167
832,508,501,339,2180
94,158,398,520,1170
547,655,289,649,2140
583,114,365,76,1138
254,105,677,800,1836
990,525,557,704,2776
968,752,550,931,3201
117,14,839,610,1580
60,20,650,559,1289
560,406,705,475,2146
941,147,401,280,1769
446,972,257,226,1901
305,109,632,307,1353
793,270,100,832,1995
66,15,912,33,1026
288,188,793,915,2184
992,393,812,372,2569
460,835,947,152,2394
889,675,467,503,2534
352,542,960,386,2240
145,879,585,28,1637
661,484,230,424,1799
716,154,834,759,2463
907,647,235,322,2111
172,28,827,874,1901
475,692,953,361,2481
406,305,570,202,1483
483,833,574,465,2355
390,398,455,498,1741
772,500,859,71,2202
229,929,99,304,1561
851,735,741,35,2362
789,171,955,842,2757
409,741,580,653,2383
335,916,520,760,2531
916,648,462,836,2862
911,466,691,279,2347
52,551,796,120,1519
940,789,634,580,2943
92,303,799,104,1298
705,280,13,194,1192
603,142,373,627,1745
117,282,548,454,1401
3,424,943,104,1474
636,250,836,148,1870
129,572,116,340,1157
620,848,639,992,3099
773,62,828,716,2379
523,168,7,687,1385
962,473,471,987,2893
314,861,302,626,2103
941,696,959,186,2782
754,418,442,705,2319
852,989,955,705,3501
882,435,846,653,2816
900,358,713,320,2291
759,506,132,22,1419
752,21,519,714,2006
46,67,772,691,1576
693,31,96,510,1330
502,348,398,590,1838
499,730,50,459,1738
305,691,790,658,2444
693,782,272,772,2519
198,581,602,612,1993
79,758,199,862,1898
922,580,190,840,2532
695,793,855,539,2882
271,62,187,554,1074
354,720,624,161,1859
686,843,26,826,2381
226,167,941,634,1968
439,763,79,976,2257
363,961,527,587,2438
954,996,400,238,2588
229,823,703,1000,2755
133,491,456,989,2069
30,661,622,979,2292
134,414,476,690,1714
654,610,696,322,2282
795,601,7,284,1687
459,883,136,374,1852
187,656,375,408,1626
298,538,802,286,1924
128,473,280,170,1051
836,803,175,495,2309
359,93,914,874,2240
476,921,157,769,2323
101,305,134,920,1460
698,419,571,182,1870
607,710,595,906,2818
627,384,668,107,1786
998,494,14,641,2147
703,690,874,660,2927
84,858,12,335,1289
397,143,964,734,2238
655,209,812,361,2037
726,20,224,687,1657
197,440,505,91,1233
538,433,958,207,2136
760,390,471,365,1986
611,480,500,181,1772
126,987,267,617,1997
793,389,183,12,1377
33,332,282,609,1256
806,579,884,379,2648
464,940,187,183,1774
468,252,6,812,1538
97,719,499,195,1510
144,24,834,249,1251
770,663,629,368,2430
295,100,606,350,1351
138,501,595,474,1708
901,372,567,890,2730
390,649,888,861,2788
930,752,779,915,3376
46,433,282,567,1328
428,185,982,616,2211
517,507,209,298,1531
206,915,491,919,2531
128,369,867,954,2318
746,55,472,753,2026
642,302,520,722,2186
685,53,416,82,1236
193,510,318,428,1449
729,243,12,77,1061
318,65,330,919,1632
632,269,9,413,1323
609,9,660,855,2133
998,113,242,904,2257
642,928,688,190,2448
528,220,274,132,1154
464,253,480,3,1200
439,850,668,495,2452
665,13,224,326,1228
814,911,484,280,2489
605,18,950,250,1823
75,715,848,582,2220
128,653,460,411,1652
749,811,494,420,2474
134,448,925,214,1721
268,377,757,703,2105
288,199,823,853,2163
173,447,144,559,1323
498,792,234,986,2510
826,44,44,715,1629
620,974,918,980,3492
705,863,619,416,2603
826,50,621,441,1938
325,510,956,882,2673
394,374,900,924,2592
56,868,73,785,1782
593,815,383,210,2001
547,207,437,134,1325
77,907,173,276,1433
28,461,598,442,1529
368,746,848,804,2766
602,528,323,952,2405
424,290,954,770,2438
849,194,942,145,2130
533,591,147,360,1631
925,332,569,796,2622
444,440,962,825,2671
754,844,73,820,2491
971,957,952,435,3315
642,116,220,840,1818
0,558,302,703,1563
134,484,814,589,2021
276,266,163,217,922
155,515,3,827,1500
620,141,939,929,2629
394,239,718,888,2239
881,257,381,80,1599
557,931,202,427,2117
954,315,278,745,2292
996,599,519,966,3080
198,87,115,610,1010
385,913,389,269,1956
621,654,386,389,2050
70,113,829,398,1410
184,16,72,88,360
276,16,612,951,1855
301,472,961,394,2128
655,226,368,509,1758
163,708,887,241,1999
845,116,183,579,1723
862,851,970,663,3346
325,351,612,377,1665
885,48,614,576,2123
862,632,125,99,1718
263,716,185,747,1911
0,233,864,754,1851
575,838,376,524,2313
176,275,360,687,1498
925,211,246,537,1919
355,207,558,932,2052
177,584,790,281,1832
755,927,492,433,2607
199,996,182,899,2276
95,392,73,849,1409
712,971,343,814,2840
392,539,405,30,1366
800,332,433,919,2484
920,886,299,359,2464
967,343,334,600,2244
74,474,297,521,1366
952,429,419,802,2602
444,189,97,579,1309
252,789,357,805,2203
67,170,920,824,1981
706,810,186,382,2084
25,558,583,978,2144
330,375,455,418,1578
781,661,582,988,3012
686,258,855,931,2730
454,94,817,423,1788
100,351,144,279,874
352,693,552,62,1659
565,838,892,222,2517
592,74,885,495,2046
625,66,343,213,1247
568,653,358,542,2121
377,229,530,999,2135
915,712,700,61,2388
191,426,734,252,1603
68,145,451,996,1660
315,843,944,557,2659
480,60,294,551,1385
132,528,287,651,1598
591,647,333,784,2355
344,273,50,539,1206
514,806,598,778,2696
988,775,720,466,2949
72,175,783,25,1055
715,177,682,196,1770
202,918,213,213,1546
392,309,82,234,1017
825,542,850,559,2776
543,291,824,491,2149
919,59,606,350,1934
186,515,770,444,1915
395,809,285,177,1666
471,180,29,616,1296
50,170,760,840,1820
786,728,244,13,1771
719,540,844,667,2770
484,142,723,619,1968
63,715,726,224,1728
899,69,134,718,1820
400,794,776,838,2808
868,664,702,938,3172
956,609,677,884,3126
569,506,159,351,1585
307,474,565,103,1449
181,609,533,180,1503
655,617,238,178,1688
918,560,217,518,2213
651,399,743,9,1802
704,890,165,444,2203
856,621,839,823,3139
713,772,672,902,3059
724,744,127,444,2039
899,567,370,147,1983
602,866,493,206,2167
919,355,992,569,2835
873,455,654,606,2588
599,898,660,800,2957
17,763,805,362,1947
463,765,357,796,2381
65,900,822,18,1805
817,578,725,801,2921
936,529,851,319,2635
715,328,760,659,2462
841,470,356,618,2285
737,86,418,701,1942
252,575,818,694,2339
363,769,868,285,2285
834,9,498,972,2313
622,451,688,873,2634
446,729,991,214,2380
714,369,403,262,1748
340,470,94,786,1690
550,613,887,74,2124
28,765,142,23,958
204,777,651,79,1711
486,83,689,2,1260
61,482,467,432,1442
302,908,943,545,2698
169,522,406,958,2055
836,744,585,437,2602
125,650,161,560,1496
283,78,408,267,1036
996,636,107,205,1944
969,389,5,905,2268
690,829,36,637,2192
892,947,632,662,3133
195,541,490,200,1426
618,502,599,644,2363
341,308,825,714,2188
534,262,777,189,1762
165,423,525,126,1239
433,639,915,865,2852
544,320,956,734,2554
535,550,628,878,2591
7,142,609,368,1126
622,646,634,300,2202
811,368,436,925,2540
214,359,935,539,2047
459,241,795,463,1958
327,1000,342,682,2351
849,777,950,167,2743
325,799,761,178,2063
535,658,656,983,2832
336,533,384,938,2191
793,641,978,92,2504
567,942,379,134,2022
8,116,581,347,1052
481,897,71,681,2130
165,930,773,152,2020
313,122,615,721,1771
36,972,633,965,2606
638,851,111,992,2592
67,49,202,626,944
464,100,873,917,2354
44,148,129,127,448
851,293,456,447,2047
604,425,559,223,1811
754,296,446,800,2296
264,279,35,85,663
999,299,473,889,2660
757,62,201,761,1781
840,5,736,809,2390
730,367,907,738,2742
587,720,685,686,2678
161,770,794,169,1894
763,213,85,485,1546
843,46,841,921,2651
121,619,860,741,2341
450,89,731,246,1516
292,943,300,297,1832
360,655,532,931,2478
429,525,320,254,1528
136,920,674,112,1842
810,588,55,667,2120
786,133,146,204,1269
85,220,44,384,733
687,185,988,807,2667
103,839,408,715,2065
251,954,198,661,2064
351,652,895,533,2431
200,339,499,895,1933
591,490,859,907,2847
770,134,39,246,1189
310,11,954,380,1655
338,560,33,394,1325
18,639,335,463,1455
926,208,782,835,2751
849,860,233,553,2495
825,34,658,544,2061
811,23,202,200,1236
119,66,265,501,951
942,772,364,402,2480
252,651,289,362,1554
977,750,745,49,2521
805,559,121,230,1715
317,372,701,812,2202
317,91,229,419,1056
679,414,689,715,2497
933,835,214,567,2549
496,676,767,478,2417
161,77,926,752,1916
45,540,947,228,1760
226,881,864,587,2558
335,54,111,445,945
801,413,602,628,2444
480,600,627,223,1930
204,424,370,432,1430
522,527,586,922,2557
323,330,530,451,1634
310,996,102,862,2270
201,633,822,789,2445
202,952,400,96,1650
980,982,829,60,2851
53,702,255,32,1042
428,637,485,724,2274
547,519,303,56,1425
574,809,516,864,2763
908,210,522,422,2062
952,457,499,229,2137
432,447,4,375,1258
976,615,537,969,3097
928,703,329,537,2497
621,495,103,741,1960
821,414,193,110,1538
788,276,938,232,2234
397,970,988,690,3045
298,867,225,814,2204
645,126,992,321,2084
580,250,423,814,2067
660,950,123,340,2073
981,662,285,45,1973
884,261,505,353,2003
158,249,550,96,1053
293,162,103,208,766
768,471,164,566,1969
551,829,894,96,2370
878,269,671,477,2295
566,201,948,830,2545
388,967,8,570,1933
924,922,446,987,3279
893,307,857,951,3008
343,189,38,272,842
938,6,527,45,1516
813,571,117,899,2400
743,614,297,687,2341
175,447,864,834,2320
693,610,966,751,3020
562,479,975,816,2832
270,221,718,915,2124
322,56,304,393,1075
324,402,157,944,1827
786,875,731,69,2461
589,520,832,558,2499
115,841,751,138,1845
755,859,319,395,2328
895,137,733,475,2240
853,11,536,229,1629
794,216,293,606,1909
674,353,662,238,1927
863,114,264,793,2034
446,429,96,210,1181
389,405,405,473,1672
658,769,197,429,2053
69,812,952,242,2075
135,114,302,9,560
75,272,467,370,1184
859,539,191,880,2469
942,463,168,371,1944
412,850,960,53,2275
526,228,294,992,2040
261,183,304,523,1271
528,790,342,269,1929
540,295,754,762,2351
802,490,267,91,1650
387,198,892,81,1558
694,729,425,65,1913
215,860,804,631,2510
668,422,377,459,1926
830,634,518,808,2790
134,793,779,500,2206
876,751,49,88,1764
748,712,617,843,2920
837,173,198,287,1495
380,867,22,178,1447
762,731,437,256,2186
513,340,342,150,1345
491,63,400,903,1857
152,704,351,566,1773
113,293,779,230,1415
761,582,582,532,2457
339,126,951,961,2377
612,119,212,379,1322
681,298,879,549,2407
323,696,676,166,1861
374,846,292,829,2341
367,906,263,933,2469
23,891,612,681,2207
763,965,189,24,1941
538,524,764,697,2523
795,996,560,411,2762
594,417,824,517,2352
970,668,82,318,2038
296,455,970,654,2375
689,585,499,555,2328
243,313,68,886,1510
717,291,359,473,1840
85,293,740,130,1248
192,991,998,462,2643
103,639,271,808,1821
552,606,357,637,2152
203,55,306,450,1014
676,927,55,344,2002
287,582,708,546,2123
143,86,638,648,1515
961,343,506,30,1840
422,694,49,585,1750
51,801,540,20,1412
180,180,368,194,922
867,376,16,373,1632
927,307,541,479,2254
438,627,394,89,1548
673,405,413,706,2197
100,715,988,328,2131
355,372,576,885,2188
272,562,199,992,2025
784,637,277,653,2351
350,894,490,885,2619
391,64,840,535,1830
176,965,521,577,2239
708,442,441,583,2174
562,586,36,971,2155
737,487,981,541,2746
790,99,449,380,1718
587,72,510,802,1971
344,150,175,406,1075
176,666,196,792,1830
33,95,981,393,1502
836,556,708,670,2770
353,906,449,622,2330
47,209,943,741,1940
359,921,819,621,2720
361,551,114,168,1194
458,778,695,911,2842
334,888,742,659,2623
19,106,996,8,1129
399,642,218,919,2178
835,463,910,661,2869
379,524,189,805,1897
687,850,432,563,2532
292,968,174,779,2213
769,345,592,688,2394
48,324,956,149,1477
116,308,154,671,1249
766,28,374,723,1891
610,158,487,333,1588
752,121,795,153,1821
452,844,530,753,2579
444,772,908,914,3038
525,873,378,325,2101
152,84,56,987,1279
88,317,39,163,607
65,681,50,973,1769
189,713,380,130,1412
301,583,759,899,2542
502,226,329,413,1470
99,900,676,432,2107
821,422,971,236,2450
512,949,597,552,2610
543,687,628,729,2587
166,624,262,458,1510
388,788,489,609,2274
387,686,245,482,1800
908,298,829,5,2040
181,86,511,136,914
183,599,310,535,1627
35,110,326,362,833
94,838,534,996,2462
310,298,562,920,2090
954,59,567,778,2358
443,832,436,971,2682
80,853,571,936,2440
374,578,315,436,1703
569,250,714,238,1771
951,491,529,993,2964
433,511,972,900,2816
385,209,783,476,1853
838,186,800,495,2319
438,176,481,137,1232
43,792,68,462,1365
881,450,95,682,2108
927,471,624,719,2741
14,557,822,817,2210
120,132,766,979,1997
932,552,245,161,1890
188,898,759,3,1848
703,314,806,786,2609
473,684,300,281,1738
236,800,994,62,2092
895,615,326,723,2559
4,37,658,326,1025
370,157,936,478,1941
87,768,276,624,1755
392,433,368,811,2004
452,128,407,189,1176
870,538,21,176,1605
79,886,605,340,1910
738,548,814,678,2778
853,913,246,297,2309
138,458,19,436,1051
21,665,259,330,1275
811,25,121,182,1139
674,588,392,804,2458
300,76,970,99,1445
354,807,939,310,2410
125,762,56,175,1118
492,546,674,306,2018
118,511,658,809,2096
186,101,374,110,771
250,608,867,664,2389
733,35,180,404,1352
2,334,771,821,1928
169,996,471,712,2348
142,520,642,491,1795
880,947,259,918,3004
310,938,205,138,1591
598,592,997,250,2437
275,358,565,961,2159
486,740,301,767,2294
984,909,456,554,2903
548,640,455,282,1925
899,210,670,857,2636
820,684,477,311,2292
397,893,718,95,2103
846,867,829,889,3431
966,18,910,571,2465
108,987,173,552,1820
735,856,849,912,3352
357,43,57,490,947
208,964,802,670,2644
482,48,628,881,2039
655,155,225,657,1692
33,427,44,887,1391
501,900,440,559,2400
344,664,473,737,2218
384,825,484,169,1862
245,415,465,429,1554
696,37,139,499,1371
678,959,882,999,3518
283,802,596,184,1865
503,268,778,506,2055
90,337,238,735,1400
16,602,646,37,1301
189,942,339,330,1800
779,197,913,765,2654
925,451,319,797,2492
441,256,699,420,1816
851,828,813,601,3093
676,517,683,447,2323
203,273,750,100,1326
687,881,752,128,2448
27,642,866,459,1994
810,756,624,678,2868
201,113,702,755,1771
497,473,833,227,2030
662,932,446,653,2693
617,325,152,997,2091
783,256,266,50,1355
245,825,348,106,1524
727,366,105,456,1654
858,789,833,618,3098
943,847,384,773,2947
701,50,954,514,2219
912,823,216,324,2275
4,531,996,373,1904
752,683,361,485,2281
408,140,834,610,1992
630,669,578,254,2131
682,365,557,341,1945
126,798,643,535,2102
401,598,336,571,1906
852,65,879,435,2231
718,887,963,617,3185
607,133,711,30,1481
199,819,455,246,1719
176,595,234,725,1730
20,804,892,76,1792
561,281,277,331,1450
152,698,102,34,986
173,463,492,369,1497
372,36,152,491,1051
972,160,386,954,2472
211,306,635,529,1681
68,725,285,537,1615
274,345,809,3,1431
276,973,764,341,2354
993,185,298,940,2416
165,233,721,425,1544
752,851,550,629,2782
581,926,592,548,2647
487,58,374,452,1371
769,8,606,557,1940
306,60,142,360,868
967,21,551,687,2226
938,826,504,254,2522
2,111,197,457,767
236,930,537,110,1813
7,104,940,943,1994
988,389,337,392,2106
364,732,76,289,1461
9,411,741,106,1267
46,631,393,177,1247
875,791,216,512,2394
861,760,882,454,2957
627,899,670,585,2781
519,246,57,214,1036
118,79,761,828,1786
917,193,323,43,1476
298,933,401,303,1935
224,410,30,591,1255
835,796,415,651,2697
696,900,436,492,2524
754,12,2,953,1721
796,638,102,7,1543
911,737,209,177,2034
528,989,803,348,2668
829,108,369,987,2293
286,796,578,341,2001
566,523,448,57,1594
885,999,570,255,2709
951,603,868,79,2501
865,622,614,241,2342
875,322,356,10,1563
615,192,206,204,1217
214,359,292,338,1203
81,400,420,341,1242
958,307,303,131,1699
201,228,615,835,1879
177,237,987,767,2168
720,191,174,462,1547
818,524,743,211,2296
238,0,563,84,885
788,485,59,979,2311
343,279,939,346,1907
599,630,864,991,3084
251,286,515,765,1817
541,401,454,749,2145
323,339,53,649,1364
95,403,652,54,1204
587,415,471,344,1817
582,574,594,945,2695
163,544,620,529,1856
164,797,995,535,2491
677,359,27,445,1508
5,586,914,60,1565
663,835,390,343,2231
823,397,235,639,2094
930,560,123,672,2285
952,629,514,859,2954
792,983,15,207,1997
195,972,582,175,1924
459,407,456,149,1471
52,250,407,769,1478
182,129,191,358,860
985,716,368,64,2133
950,147,571,622,2290
987,336,581,200,2104
966,888,744,799,3397
247,969,548,41,1805
468,281,834,893,2476
615,167,107,369,1258
399,288,80,732,1499
628,784,436,134,1982
759,556,506,483,2304
127,591,737,210,1665
764,863,380,402,2409
679,631,518,625,2453
212,292,725,366,1595
372,887,97,940,2296
919,703,714,417,2753
167,916,655,138,1876
128,681,239,727,1775
408,587,356,121,1472
896,378,912,829,3015
518,454,32,449,1453
279,824,122,650,1875
951,94,478,596,2119
645,360,189,918,2112
447,466,791,367,2071
470,239,938,524,2171
435,265,267,290,1257
956,481,56,6,1499
644,223,119,211,1197
315,788,819,994,2916
704,358,443,87,1592
964,427,758,514,2663
768,889,678,51,2386
273,231,716,565,1785
144,108,847,105,1204
494,287,982,319,2082
165,479,492,807,1943
986,374,789,436,2585
90,185,330,625,1230
433,445,218,379,1475
431,412,333,729,1905
59,145,303,828,1335
236,878,272,681,2067
762,789,578,641,2770
634,809,497,367,2307
556,626,325,601,2108
943,572,6,740,2261
617,169,927,366,2079
327,372,413,964,2076
806,756,782,587,2931
624,185,2,250,1061
36,433,805,998,2272
467,987,515,816,2785
573,644,307,348,1872
609,254,826,724,2413
144,273,210,223,850
128,385,44,110,667
440,351,830,640,2261
893,373,93,288,1647
771,285,707,797,2560
133,565,660,678,2036
863,964,940,354,3121
956,561,253,869,2639
62,39,64,411,576
887,810,273,27,1997
732,632,502,3,1869
874,142,437,894,2347
276,410,500,724,1910
651,530,632,372,2185
241,794,498,846,2379
743,137,147,884,1911
440,60,691,729,1920
218,250,810,284,1562
599,555,21,871,2046
431,398,538,142,1509
525,461,272,875,2133
97,34,466,298,895
47,69,941,716,1773
710,657,908,975,3250
912,53,586,39,1590
802,939,446,865,3052
550,623,986,268,2427
1,804,601,982,2388
200,479,423,478,1580
268,224,579,413,1484
82,671,830,685,2268
948,262,280,994,2484
679,941,144,604,2368
993,471,40,530,2034
749,883,17,366,2015
741,718,847,154,2460
754,75,580,56,1465
126,287,986,206,1605
968,632,221,829,2650
350,512,874,880,2616
175,53,807,3,1038
412,681,805,111,2009
508,154,367,967,1996
916,523,633,60,2132
220,496,490,791,1997
269,651,156,546,1622
856,917,445,35,2253
366,891,571,257,2085
272,954,157,807,2190
504,343,363,660,1870
64,641,476,896,2077
68,202,392,382,1044
588,867,927,802,3184
75,451,293,299,1118
304,32,4,177,517
603,948,118,219,1888
598,218,33,260,1109
938,770,923,379,3010
103,633,566,482,1784
741,835,509,636,2721
311,21,359,164,855
780,140,630,445,1995
102,606,10,804,1522
466,785,615,34,1900
329,581,849,199,1958
877,224,709,744,2554
787,336,556,697,2376
480,145,284,791,1700
232,390,870,76,1568
546,395,116,703,1760
922,192,950,258,2322
128,581,598,999,2306
319,400,640,816,2175
571,983,233,445,2232
580,543,933,658,2714
108,854,112,342,1416
207,218,24,246,695
165,965,270,435,1835
521,520,399,595,2035
659,273,153,563,1648
76,990,687,352,2105
847,317,99,786,2049
982,818,32,903,2735
418,133,158,7,716
139,466,747,744,2096
494,680,915,210,2299
777,949,588,25,2339
889,392,664,122,2067
25,413,397,183,1018
21,29,315,975,1340
695,611,426,64,1796
924,756,835,992,3507
166,389,626,481,1662
381,692,508,747,2328
332,788,702,33,1855
761,630,173,108,1672
87,518,712,180,1497
169,84,328,391,972
231,205,994,772,2202
873,118,960,723,2674
815,473,89,701,2078
221,814,154,468,1657
619,381,152,495,1647
439,500,294,593,1826
411,490,677,859,2437
788,905,765,626,3084
631,202,104,465,1402
606,596,92,785,2079
973,671,230,145,2019
31,138,297,933,1399
17,829,99,565,1510
584,744,19,181,1528
548,156,53,499,1256
134,835,487,795,2251
262,568,582,316,1728
876,786,135,379,2176
549,95,118,495,1257
270,840,860,157,2127
213,909,339,278,1739
83,847,939,558,2427
673,19,858,480,2030
876,736,613,88,2313
526,249,972,451,2198
828,487,632,716,2663
545,411,728,651,2335
855,678,54,281,1868
304,404,176,34,918
778,275,512,499,2064
360,508,364,265,1497
970,49,603,993,2615
234,707,691,203,1835
58,716,911,756,2441
667,210,705,4,1586
518,43,848,928,2337
341,693,516,562,2112
609,652,685,470,2416
665,715,52,215,1647
386,869,671,777,2703
243,285,318,121,967
303,226,506,584,1619
819,126,318,658,1921
615,722,145,629,2111
76,595,876,522,2069
6,191,966,0,1163
924,45,0,655,1624
951,340,628,187,2106
163,740,935,508,2346
798,844,447,857,2946
900,482,867,406,2655
413,818,121,891,2243
219,47,179,178,623
705,313,905,259,2182
944,47,385,970,2346
759,96,814,60,1729
432,769,968,802,2971
458,38,912,475,1883
873,859,479,653,2864
901,11,944,896,2752
372,835,323,159,1689
926,999,763,589,3277
856,32,942,537,2367
91,304,78,351,824
841,963,767,89,2660
44,427,637,429,1537
8,403,172,967,1550
136,992,403,858,2389
39,195,431,425,1090
398,653,644,691,2386
638,484,750,704,2576
803,196,473,770,2242
835,542,522,158,2057
467,295,702,915,2379
313,323,642,797,2075
265,401,101,967,1734
919,30,470,456,1875
382,873,461,345,2061
444,241,334,437,1456
380,896,581,44,1901
30,770,971,736,2507
858,660,736,411,2665
620,745,542,733,2640
323,236,450,341,1350
320,161,762,850,2093
321,706,80,284,1391
222,307,807,722,2058
472,119,982,770,2343
635,690,943,563,2831
649,673,913,774,3009
397,41,937,369,1744
259,512,503,362,1636
619,295,654,358,1926
447,357,145,811,1760
918,343,105,728,2094
700,12,24,679,1415
643,768,257,230,1898
853,176,408,856,2293
822,188,863,64,1937
340,754,879,534,2507
169,481,926,515,2091
346,183,195,530,1254
30,530,626,879,2065
21,295,877,91,1284
495,605,308,754,2162
785,340,670,51,1846
681,647,435,794,2557
675,148,987,988,2798
258,686,864,742,2550
766,939,470,151,2326
350,135,102,844,1431
95,823,114,525,1557
181,197,574,649,1601
475,391,418,97,1381
893,85,544,785,2307
680,141,595,723,2139
576,466,378,932,2352
469,541,997,702,2709
243,778,798,604,2423
76,364,477,747,1664
646,574,857,614,2691
565,719,857,73,2214
444,442,819,594,2299
242,425,447,607,1721
356,563,309,246,1474
772,472,961,815,3020
381,865,516,962,2724
856,53,481,570,1960
772,239,805,103,1919
918,556,236,971,2681
620,183,976,903,2682
838,219,286,876,2219
368,579,52,399,1398
526,608,282,103,1519
187,448,920,38,1593
299,379,18,228,924
290,221,497,392,1400
920,588,597,131,2236
833,291,816,165,2105
792,833,190,353,2168
366,223,864,613,2066
665,893,590,454,2602
733,997,688,584,3002
629,11,368,59,1067
607,624,507,1,1739
156,134,164,702,1156
958,556,396,241,2151
620,777,611,955,2963
302,102,17,585,1006
642,665,372,515,2194
825,845,965,786,3421
298,243,108,902,1551
960,289,674,859,2782
653,216,986,609,2464
530,948,332,820,2630
183,736,266,759,1944
617,396,449,651,2113
874,977,703,19,2573
122,444,440,515,1521
96,567,332,37,1032
308,335,388,270,1301
555,539,774,98,1966
474,220,471,376,1541
432,459,332,584,1807
556,263,832,979,2630
902,531,21,688,2142
788,224,669,588,2269
598,653,377,180,1808
1000,748,223,696,2667
336,576,604,61,1577
82,580,614,697,1973
166,589,95,251,1101
751,481,225,404,1861
22,341,6,688,1057
358,792,901,787,2838
731,74,901,338,2044
504,45,136,135,820
411,210,231,340,1192
508,750,357,731,2346
128,714,34,604,1480
995,184,8,922,2109
119,266,242,863,1490
346,672,653,112,1783
200,736,88,324,1348
869,288,108,671,1936
413,919,47,496,1875
593,398,423,350,1764
114,270,302,791,1477
600,26,320,811,1757
28,6,834,909,1777
447,917,881,778,3023
125,728,462,511,1826
727,970,858,317,2872
867,405,768,667,2707
611,721,412,341,2085
552,239,271,18,1080
5,996,843,158,2002
689,628,308,701,2326
293,904,910,58,2165
135,256,37,805,1233
978,864,579,746,3167
877,317,48,545,1787
435,34,270,554,1293
168,78,860,687,1793
688,733,790,762,2973
644,0,379,166,1189
930,199,707,382,2218
262,757,634,874,2527
405,232,156,380,1173
513,196,195,950,1854
992,563,803,290,2648
590,434,834,134,1992
815,558,770,189,2332
863,811,287,855,2816
486,735,715,701,2637
176,383,871,853,2283
484,707,711,734,2636
123,65,277,600,1065
917,774,801,817,3309
801,682,873,724,3080
655,34,2,543,1234
381,315,533,309,1538
717,256,589,362,1924
534,608,853,408,2403
744,834,370,896,2844
509,669,11,578,1767
383,157,203,924,1667
426,734,645,245,2050
459,955,885,943,3242
334,189,864,461,1848
889,753,800,203,2645
385,931,636,981,2933
126,440,354,424,1344
919,335,531,273,2058
220,157,125,986,1488
332,336,516,345,1529
392,98,434,858,1782
743,971,874,408,2996
165,19,805,647,1636
360,958,49,197,1564
413,447,885,114,1859
610,102,887,946,2545
755,807,882,818,3262
910,437,421,494,2262
82,94,107,48,331
930,181,74,945,2130
838,349,76,590,1853
129,394,127,197,847
737,750,643,850,2980
485,961,962,89,2497
504,21,600,222,1347
846,432,231,195,1704
689,917,698,158,2462
135,177,205,440,957
345,543,449,720,2057
2,545,803,163,1513
846,464,49,59,1418
302,103,251,927,1583
862,276,949,835,2922
224,11,488,307,1030
650,936,676,87,2349
926,806,463,948,3143
541,596,946,901,2984
376,863,974,753,2966
419,846,817,124,2206
233,70,442,540,1285
590,302,287,98,1277
59,713,841,469,2082
377,685,888,986,2936
268,400,535,856,2059
129,584,447,533,1693
498,494,245,827,2064
992,774,817,915,3498
271,883,904,816,2874
654,350,115,579,1698
179,456,432,62,1129
173,209,82,814,1278
292,847,892,874,2905
105,725,126,740,1696
743,107,71,115,1036
616,764,932,851,3163
471,463,250,980,2164
216,230,88,911,1445
274,522,411,613,1820
568,489,390,680,2127
540,760,77,720,2097
465,432,735,112,1744
777,155,703,981,2616
806,510,289,204,1809
337,142,93,584,1156
572,664,232,917,2385
482,393,266,38,1179
88,130,660,476,1354
215,434,101,534,1284
854,613,185,7,1659
652,692,28,72,1444
706,244,327,837,2114
753,621,58,213,1645
82,811,989,299,2181
841,476,910,599,2826
245,174,139,650,1208
88,3,425,862,1378
256,4,819,756,1835
498,412,108,241,1259
904,624,211,164,1903
785,712,176,54,1727
537,63,37,718,1355
480,822,478,332,2112
746,389,721,754,2610
275,56,18,33,382
440,744,859,978,3021
712,599,736,576,2623
426,975,648,287,2336
218,860,667,40,1785
812,564,54,23,1453
670,328,79,992,2069
830,838,594,876,3138
108,685,146,615,1554
55,431,826,414,1726
115,17,816,125,1073
274,568,219,945,2006
946,711,327,13,1997
376,688,977,677,2718
258,286,989,632,2165
750,909,90,991,2740
6,300,385,443,1134
326,227,278,959,1790
371,266,258,11,906
95,56,988,994,2133
751,248,286,886,2171
706,792,342,549,2389
312,927,615,357,2211
433,471,50,162,1116
72,581,306,213,1172
474,96,77,733,1380
981,825,278,154,2238
655,851,798,199,2503
188,921,397,308,1814
145,82,905,97,1229
148,761,18,893,1820
945,441,418,249,2053
804,2,794,197,1797
489,723,639,837,2688
820,876,871,278,2845
94,634,369,837,1934
1,113,108,699,921
442,143,529,133,1247
516,531,532,471,2050
802,47,252,74,1175
922,205,104,118,1349
43,65,180,450,738
114,799,451,939,2303
860,472,315,124,1771
989,25,155,578,1747
497,582,899,37,2015
551,422,309,270,1552
828,692,23,636,2179
241,536,690,780,2247
596,871,425,469,2361
597,622,196,847,2262
686,616,261,906,2469
313,809,966,444,2532
443,969,486,845,2743
351,769,341,208,1669
582,945,679,444,2650
511,949,991,669,3120
96,601,573,772,2042
666,165,995,553,2379
334,741,662,569,2306
902,701,852,987,3442
181,223,866,154,1424
385,131,595,639,1750
450,147,174,214,985
331,337,663,597,1928
949,963,271,466,2649
599,937,917,43,2496
639,252,331,594,1816
904,254,240,13,1411
127,226,912,872,2137
432,596,339,415,1782
715,757,866,741,3079
845,920,446,656,2867
838,409,703,601,2551
753,848,150,311,2062
303,111,848,389,1651
743,420,857,684,2704
686,431,275,858,2250
753,195,178,83,1209
934,866,503,109,2412
163,421,474,353,1411
253,23,925,530,1731
414,124,219,396,1153
406,370,991,61,1828
317,164,430,93,1004
552,435,344,373,1704
514,641,16,959,2130
731,477,952,346,2506
552,398,76,188,1214
939,135,372,668,2114
300,678,579,380,1937
557,281,609,636,2083
7,630,901,296,1834
884,635,908,248,2675
229,486,351,341,1407
83,768,599,974,2424
227,720,389,973,2309
996,455,46,295,1792
144,48,280,276,748
414,727,169,710,2020
289,670,428,367,1754
214,866,876,227,2183
544,1000,584,299,2427
812,346,486,777,2421
841,44,352,403,1640
596,779,880,501,2756
537,615,387,449,1988
245,932,840,139,2156
488,496,73,736,1793
50,883,951,41,1925
74,654,470,868,2066
915,703,906,600,3124
237,575,438,198,1448
572,113,409,858,1952
214,662,634,274,1784
417,671,191,955,2234
480,858,962,110,2410
999,676,15,416,2106
309,130,756,392,1587
409,566,319,292,1586
675,332,982,19,2008
595,264,821,610,2290
151,132,901,607,1791
161,193,928,193,1475
850,689,434,58,2031
842,97,759,976,2674
905,822,29,61,1817
378,256,445,852,1931
620,367,117,819,1923
446,669,767,590,2472
747,809,758,28,2342
573,258,467,943,2241
702,532,853,38,2125
280,991,779,194,2244
133,648,111,10,902
319,869,943,706,2837
1000,641,362,64,2067
363,567,674,289,1893
219,251,924,425,1819
824,614,972,386,2796
114,303,791,219,1427
876,140,472,617,2105
141,367,119,76,703
410,353,367,756,1886
793,209,916,664,2582
358,100,808,978,2244
385,630,431,648,2094
298,534,986,382,2200
454,508,918,17,1897
431,28,111,93,663
116,392,484,221,1213
342,428,453,215,1438
346,452,343,956,2097
623,144,568,601,1936
103,550,760,834,2247
831,269,84,449,1633
182,249,469,425,1325
852,701,173,429,2155
346,169,832,532,1879
226,794,672,44,1736
908,352,662,637,2559
85,439,92,162,778
28,135,946,167,1276
694,140,633,558,2025
716,658,809,876,3059
296,225,941,345,1807
873,975,935,817,3600
98,43,76,286,503
257,793,844,515,2409
473,993,111,119,1696
150,343,527,101,1121
511,769,967,677,2924
178,711,311,851,2051
271,818,897,151,2137
329,910,712,544,2495
72,166,185,505,928
205,387,629,875,2096
6,177,467,368,1018
433,67,132,343,975
212,791,746,137,1886
590,687,830,347,2454
401,24,421,443,1289
641,146,482,597,1866
554,593,877,676,2700
226,174,667,963,2030
595,882,843,503,2823
26,468,1000,245,1739
697,655,208,260,1820
824,87,506,314,1731
615,297,659,525,2096
330,856,310,742,2238
579,811,385,473,2248
311,253,47,797,1408
77,152,901,804,1934
185,200,388,856,1629
703,163,969,702,2537
178,527,676,15,1396
472,866,729,872,2939
388,234,338,881,1841
181,601,606,342,1730
768,218,523,716,2225
389,744,202,768,2103
759,859,736,307,2661
437,29,924,65,1455
290,365,327,7,989
760,869,544,560,2733
776,312,600,949,2637
792,620,575,676,2663
811,730,426,881,2848
20,213,137,186,556
874,478,530,116,1998
143,730,61,229,1163
129,192,269,361,951
614,119,3,392,1128
729,349,77,859,2014
715,813,915,309,2752
289,89,96,896,1370
937,647,737,178,2499
206,51,348,355,960
39,145,712,309,1205
418,940,254,575,2187
977,540,805,698,3020
921,73,854,430,2278
91,367,747,666,1871
804,748,88,437,2077
576,181,605,677,2039
400,471,42,483,1396
148,427,506,161,1242
886,419,959,232,2496
777,555,677,903,2912
889,941,880,652,3362
283,985,1,239,1508
169,10,49,66,294
588,48,513,292,1441
243,311,471,803,1828
951,918,890,207,2966
936,712,124,247,2019
905,339,87,701,2032
567,303,357,577,1804
965,414,667,837,2883
756,520,847,77,2200
748,416,353,99,1616
735,663,865,223,2486
360,141,960,159,1620
37,498,22,467,1024
611,609,710,245,2175
779,161,409,911,2260
369,832,889,723,2813
500,58,842,940,2340
602,65,756,379,1802
458,214,489,534,1695
69,165,824,265,1323
771,534,69,957,2331
342,34,890,144,1410
169,590,505,646,1910
45,871,792,124,1832
938,456,994,777,3165
781,289,524,104,1698
577,767,656,626,2626
159,661,798,546,2164
336,101,768,910,2115
657,379,506,484,2026
975,649,255,469,2348
708,350,160,28,1246
442,220,429,380,1471
591,951,786,725,3053
569,319,498,755,2141
280,765,705,70,1820
895,334,420,560,2209
311,875,806,827,2819
225,506,502,84,1317
94,981,565,786,2426
911,998,768,560,3237
35,799,805,483,2122
436,954,852,157,2399
421,207,591,638,1857
417,546,507,653,2123
739,215,547,605,2106
456,626,947,534,2563
878,201,922,126,2127
881,92,154,99,1226
643,189,503,34,1369
26,799,501,220,1546
852,476,612,526,2466
80,903,484,579,2046
913,473,349,925,2660
587,550,135,487,1759
941,435,950,629,2955
164,398,915,226,1703
677,801,402,264,2144
61,27,688,856,1632
671,608,223,418,1920
864,907,275,615,2661
95,860,577,289,1821
812,286,297,474,1869
153,696,538,735,2122
479,410,970,15,1874
541,735,544,487,2307
736,107,510,672,2025
835,558,925,819,3137
201,69,847,686,1803
841,732,28,835,2436
438,384,428,47,1297
609,229,299,708,1845
674,996,778,397,2845
955,805,277,843,2880
323,684,257,501,1765
564,710,641,342,2257
624,939,666,96,2325
253,289,369,520,1431
948,550,859,556,2913
588,257,687,538,2070
173,96,371,145,785
367,82,323,192,964
183,569,101,326,1179
476,183,760,650,2069
475,202,39,41,757
442,967,377,156,1942
141,405,306,636,1488
720,252,71,994,2037
703,890,625,856,3074
470,837,935,398,2640
456,84,15,950,1505
585,855,501,830,2771
822,752,268,235,2077
19,138,835,666,1658
407,55,68,489,1019
762,827,736,935,3260
129,878,638,594,2239
820,604,242,10,1676
468,928,965,762,3123
363,281,571,341,1556
204,609,647,804,2264
122,467,464,655,1708
987,983,35,853,2858
699,349,177,293,1518
455,661,274,102,1492
562,59,993,436,2050
212,632,553,971,2368
970,263,669,478,2380
402,288,423,658,1771
142,809,628,440,2019
503,301,77,595,1476
970,414,376,531,2291
87,229,911,155,1382
542,225,47,855,1669
352,683,987,666,2688
703,238,197,928,2066
851,243,310,614,2018
354,228,141,584,1307
175,957,894,723,2749
154,246,527,469,1396
700,599,422,56,1777
612,540,861,689,2702
625,732,428,989,2774
711,722,142,367,1942
799,862,524,293,2478
233,39,51,618,941
687,776,780,71,2314
222,16,804,241,1283
941,622,21,359,1943
45,415,994,5,1459
387,33,888,845,2153
837,802,609,464,2712
613,975,616,7,2211
948,385,227,692,2252
202,351,886,460,1899
122,249,743,255,1369
402,767,17,534,1720
852,256,986,530,2624
267,236,478,943,1924
326,414,913,408,2061
72,173,780,54,1079
814,131,485,837,2267
516,184,530,642,1872
397,345,360,214,1316
939,581,78,563,2161
185,155,678,231,1249
609,997,244,498,2348
934,341,869,924,3068
305,538,545,611,1999
332,745,960,860,2897
573,177,157,301,1208
607,812,956,888,3263
370,17,889,455,1731
962,124,128,384,1598
708,578,709,544,2539
220,495,280,544,1539
358,254,285,263,1160
613,246,255,688,1802
404,858,796,332,2390
267,285,499,480,1531
301,659,619,483,2062
255,738,914,248,2155
466,539,636,531,2172
250,38,306,382,976
612,827,283,683,2405
121,503,299,470,1393
138,520,591,286,1535
470,913,413,734,2530
584,5,538,931,2058
909,478,669,43,2099
518,583,393,164,1658
874,317,448,50,1689
180,7,403,981,1571
953,418,4,39,1414
383,307,589,406,1685
224,46,921,286,1477
187,842,618,855,2502
323,185,153,516,1177
398,436,395,188,1417
980,59,982,248,2269
37,844,957,788,2626
517,120,135,27,799
415,668,883,132,2098
580,760,258,644,2242
818,856,932,729,3335
413,700,741,673,2527
723,73,889,501,2186
919,320,851,251,2341
628,259,298,413,1598
767,742,328,249,2086
500,586,118,311,1515
414,476,676,691,2257
286,307,319,976,1888
468,75,626,361,1530
946,251,908,598,2703
38,209,936,186,1369
765,126,192,836,1919
937,325,621,935,2818
312,829,814,122,2077
181,234,888,82,1385
817,619,397,820,2653
425,522,21,959,1927
124,950,738,243,2055
256,519,315,702,1792
432,242,75,960,1709
249,486,104,502,1341
884,98,269,162,1413
855,907,548,329,2639
536,670,517,652,2375
366,334,422,268,1390
929,230,236,39,1434
921,999,489,575,2984
721,184,921,823,2649
771,210,445,486,1912
329,692,763,376,2160
424,50,143,596,1213
436,526,368,69,1399
399,504,319,690,1912
7,964,473,774,2218
177,80,398,96,751
261,97,157,476,991
256,769,191,890,2106
968,181,87,886,2122
846,68,201,724,1839
904,666,29,722,2321
906,830,774,319,2829
250,614,256,699,1819
890,151,791,913,2745
99,96,474,947,1616
967,659,952,525,3103
219,174,119,845,1357
409,491,127,782,1809
698,130,639,367,1834
132,556,879,832,2399
640,128,221,408,1397
196,124,380,94,794
415,161,683,998,2257
210,686,121,73,1090
937,442,461,800,2640
951,729,708,462,2850
87,551,611,388,1637
894,198,630,265,1987
479,20,29,154,682
662,210,896,557,2325
56,907,974,390,2327
615,848,8,931,2402
911,773,912,67,2663
544,572,684,492,2292
786,378,391,250,1805
41,158,634,981,1814
613,942,312,516,2383
836,149,740,45,1770
392,946,132,195,1665
980,926,892,685,3483
325,990,640,475,2430
771,888,409,387,2455
911,426,746,775,2858
650,746,370,294,2060
371,106,56,144,677
11,866,81,605,1563
377,22,551,84,1034
380,50,164,630,1224
630,640,292,196,1758
314,69,376,355,1114
863,594,637,175,2269
394,611,195,913,2113
552,752,419,855,2578
719,942,520,330,2511
412,686,917,141,2156
929,867,448,234,2478
269,787,407,995,2458
604,264,305,431,1604
551,921,812,765,3049
463,642,766,508,2379
896,564,779,253,2492
854,122,438,707,2121
29,565,130,287,1011
646,207,355,115,1323
373,238,228,252,1091
168,935,510,668,2281
903,194,348,213,1658
854,366,287,468,1975
909,712,114,931,2666
257,572,976,630,2435
140,962,984,880,2966
509,848,660,18,2035
89,555,579,810,2033
776,631,358,122,1887
747,738,552,577,2614
292,344,995,311,1942
289,574,45,32,940
871,474,990,75,2410
409,388,219,726,1742
196,837,665,794,2492
224,200,136,151,711
938,18,14,145,1115
366,127,290,314,1097
825,624,528,169,2146
255,135,281,128,799
763,41,856,69,1729
842,539,374,725,2480
255,358,733,771,2117
148,554,65,528,1295
261,823,870,14,1968
640,280,799,758,2477
608,977,936,204,2725
264,240,970,585,2059
170,538,835,285,1828
339,407,97,475,1318
971,647,281,782,2681
80,557,16,311,964
320,665,902,644,2531
31,262,667,738,1698
583,234,67,76,960
571,198,77,874,1720
990,364,158,420,1932
129,451,617,770,1967
603,923,472,846,2844
663,254,137,963,2017
880,129,326,136,1471
449,148,767,998,2362
984,125,94,689,1892
582,889,785,189,2445
465,657,484,529,2135
746,134,831,102,1813
558,886,400,163,2007
49,273,285,30,637
584,254,233,874,1945
129,407,537,644,1717
346,123,970,611,2050
494,765,831,771,2861
884,55,69,688,1696
836,363,88,502,1789
666,87,605,355,1713
591,226,47,544,1408
314,190,816,751,2071
216,103,439,643,1401
448,193,722,78,1441
452,662,542,585,2241
917,601,540,575,2633
202,852,553,863,2470
299,120,323,423,1165
491,548,535,157,1731
132,751,310,229,1422
157,484,834,495,1970
908,382,967,329,2586
228,445,529,586,1788
903,869,615,611,2998
370,566,520,222,1678
737,41,79,299,1156
395,150,375,36,956
841,45,593,2,1481
352,844,265,748,2209
922,560,874,455,2811
333,110,87,388,918
474,44,881,52,1451
697,511,635,356,2199
21,733,730,226,1710
28,681,167,619,1495
292,808,147,412,1659
926,926,526,263,2641
779,656,686,489,2610
604,640,180,908,2332
653,888,804,477,2822
461,16,826,42,1345
70,600,33,878,1581
29,887,122,433,1471
800,559,661,466,2486
62,547,69,314,992
633,405,135,569,1742
816,166,788,980,2750
164,744,118,351,1377
373,857,733,437,2400
60,727,438,485,1710
426,249,742,742,2159
0,1,754,206,961
777,433,716,509,2435
409,6,353,318,1086
328,948,388,774,2438
219,963,696,109,1987
949,596,378,31,1954
173,487,785,998,2443
327,678,113,949,2067
919,352,414,810,2495
136,369,865,913,2283
326,38,946,532,1842
264,234,769,793,2060
133,744,47,76,1000
969,491,186,579,2225
252,56,17,645,970
952,717,868,630,3167
23,372,386,202,983
742,759,746,895,3142
615,385,834,693,2527
755,452,307,161,1675
257,259,113,16,645
846,261,891,976,2974
568,44,772,568,1952
972,664,282,511,2429
584,580,997,43,2204
484,492,54,716,1746
624,898,78,98,1698
788,215,191,203,1397
452,420,543,787,2202
551,522,779,551,2403
123,924,77,240,1364
508,665,900,427,2500
958,385,394,315,2052
142,56,492,938,1628
519,57,787,15,1378
231,42,872,949,2094
46,571,131,158,906
342,229,334,640,1545
821,53,48,933,1855
843,264,658,432,2197
346,638,4,273,1261
777,142,811,122,1852
477,428,661,82,1648
116,55,165,310,646
860,905,468,819,3052
161,203,496,757,1617
335,349,101,727,1512
370,803,576,720,2469
227,289,433,948,1897
56,905,347,493,1801
978,564,354,607,2503
99,532,739,94,1464
285,340,97,241,963
167,809,631,775,2382
572,829,117,19,1537
374,44,104,20,542
988,641,645,85,2359
427,875,196,668,2166
180,726,575,128,1609
960,27,548,497,2032
790,572,60,342,1764
885,592,307,944,2728
228,385,190,638,1441
680,551,384,128,1743
757,226,513,746,2242
379,103,212,399,1093
315,701,754,711,2481
977,386,113,472,1948
374,474,144,903,1895
584,724,278,99,1685
462,783,565,190,2000
112,630,633,322,1697
314,212,579,950,2055
940,761,978,894,3573
935,289,380,304,1908
669,314,362,640,1985
611,58,762,928,2359
64,880,897,81,1922
346,268,754,230,1598
747,307,642,3,1699
959,867,336,193,2355
643,25,48,507,1223
743,953,35,674,2405
493,292,382,537,1704
505,355,472,23,1355
495,512,637,769,2413
501,51,8,447,1007
498,384,598,289,1769
581,364,627,403,1975
428,594,608,327,1957
661,877,108,795,2441
336,105,44,444,929
322,798,394,554,2068
18,816,807,772,2413
437,521,134,16,1108
686,905,22,605,2218
450,577,229,541,1797
745,727,890,417,2779
550,426,91,690,1757
808,821,789,626,3044
730,322,998,564,2614
559,473,434,719,2185
57,687,916,871,2531
605,904,304,580,2393
236,166,278,710,1390
962,277,846,789,2874
657,763,867,304,2591
52,933,64,157,1206
837,27,872,806,2542
217,165,768,338,1488
952,983,877,425,3237
363,353,590,837,2143
384,296,456,115,1251
415,127,609,471,1622
433,555,630,829,2447
404,222,819,384,1829
295,512,927,16,1750
600,417,767,325,2109
55,756,539,818,2168
118,555,517,347,1537
121,675,567,772,2135
380,604,586,342,1912
957,35,900,382,2274
131,608,721,582,2042
583,592,229,467,1871
270,831,79,236,1416
399,551,356,976,2282
799,814,852,979,3444
609,840,147,623,2219
54,784,806,933,2577
146,432,981,304,1863
38,908,829,705,2480
411,965,485,748,2609
727,103,429,379,1638
844,671,523,164,2202
539,480,272,206,1497
141,4,196,63,404
950,798,809,394,2951
874,76,983,828,2761
149,74,849,625,1697
882,936,619,955,3392
741,565,829,805,2940
652,755,162,447,2016
67,982,1000,75,2124
539,894,140,608,2181
917,602,604,0,2123
333,481,903,920,2637
20,990,174,697,1881
588,678,441,318,2025
333,259,378,964,1934
472,499,108,413,1492
297,215,520,431,1463
354,806,637,966,2763
601,807,677,14,2099
251,290,115,472,1128
507,38,739,239,1523
573,417,423,115,1528
769,772,904,946,3391
809,44,221,169,1243
831,558,387,269,2045
493,451,232,389,1565
869,892,314,882,2957
319,637,461,800,2217
252,400,65,5,722
192,168,496,680,1536
731,589,58,223,1601
322,956,2,41,1321
364,860,266,726,2216
966,95,803,248,2112
434,446,906,465,2251
7,834,964,110,1915
235,332,247,931,1745
810,910,4,513,2237
531,886,85,80,1582
599,9,466,5,1079
9,775,56,640,1480
939,858,690,679,3166
35,195,646,276,1152
852,199,516,56,1623
152,672,883,895,2602
308,957,791,715,2771
358,405,49,910,1722
443,534,139,844,1960
523,271,940,38,1772
303,438,474,817,2032
637,902,179,556,2274
714,367,920,96,2097
748,755,445,282,2230
999,777,275,26,2077
682,11,732,691,2116
5,687,507,203,1402
723,444,627,155,1949
471,160,631,560,1822
81,174,900,793,1948
175,820,307,715,2017
911,185,698,794,2588
815,971,106,836,2728
620,175,250,653,1698
649,788,938,431,2806
771,407,608,645,2431
169,676,69,773,1687
321,424,867,609,2221
134,78,977,378,1567
941,475,663,82,2161
330,43,50,859,1282
352,241,467,995,2055
299,943,933,539,2714
266,209,449,7,931
216,614,846,798,2474
241,758,416,661,2076
699,254,542,760,2255
839,456,509,17,1821
830,71,715,67,1683
505,805,274,475,2059
933,96,425,351,1805
967,593,20,541,2121
479,851,906,413,2649
14,237,336,238,825
878,291,774,356,2299
591,589,791,946,2917
383,491,625,245,1744
646,872,745,305,2568
827,358,154,927,2266
925,81,998,507,2511
55,474,778,173,1480
468,619,922,852,2861
787,78,788,183,1836
971,658,286,656,2571
558,527,283,293,1661
661,938,110,265,1974
9,499,229,51,788
816,795,408,30,2049
450,991,760,275,2476
210,298,185,933,1626
88,904,48,650,1690
157,450,558,831,1996
735,810,960,189,2694
676,452,530,344,2002
240,349,958,380,1927
708,868,983,530,3089
624,915,930,921,3390
470,983,168,890,2511
201,834,476,591,2102
632,429,772,138,1971
551,464,206,820,2041
941,234,471,477,2123
141,99,151,24,415
946,177,398,375,1896
266,566,160,821,1813
435,547,43,330,1355
700,627,970,724,3021
529,260,856,473,2118
164,203,423,140,930
120,258,661,975,2014
428,729,510,24,1691
653,401,935,966,2955
548,89,178,37,852
667,759,337,166,1929
740,322,541,528,2131
508,647,823,974,2952
318,704,379,27,1428
188,352,378,389,1307
278,984,209,740,2211
981,552,385,733,2651
429,198,738,434,1799
727,269,970,769,2735
3,445,106,721,1275
601,604,846,173,2224
79,824,687,406,1996
219,796,416,447,1878
337,867,934,76,2214
607,56,754,891,2308
48,153,202,168,571
605,30,420,881,1936
984,183,691,647,2505
833,623,437,657,2550
894,761,537,814,3006
905,881,427,801,3014
922,270,313,234,1739
554,572,869,814,2809
316,33,738,578,1665
365,179,290,255,1089
42,224,887,646,1799
518,293,193,540,1544
552,601,311,110,1574
122,14,105,899,1140
125,680,377,710,1892
956,906,926,727,3515
837,200,665,166,1868
917,913,950,636,3416
4,193,197,642,1036
514,414,225,378,1531
100,99,955,670,1824
546,203,351,13,1113
23,354,480,797,1654
774,35,879,812,2500
768,780,962,523,3033
609,369,799,493,2270
631,160,24,624,1439
397,227,915,47,1586
946,752,793,353,2844
922,645,139,883,2589
864,717,437,665,2683
313,876,152,527,1868
864,630,919,933,3346
314,32,605,587,1538
216,555,521,396,1688
276,804,92,493,1665
343,950,40,608,1941
181,866,347,510,1904
345,113,187,608,1253
503,420,61,955,1939
854,404,908,104,2270
29,38,661,48,776
684,40,982,481,2187
283,44,765,222,1314
280,638,346,194,1458
276,161,150,455,1042
871,941,623,656,3091
978,902,933,822,3635
35,753,243,48,1079
150,322,695,608,1775
143,186,225,615,1169
349,847,420,203,1819
113,313,508,872,1806
703,627,574,443,2347
922,517,633,381,2453
746,152,36,204,1138
95,686,36,376,1193
506,426,218,551,1701
316,148,827,988,2279
398,696,277,156,1527
41,0,757,687,1485
362,373,610,218,1563
21,74,182,837,1114
871,761,557,157,2346
529,666,25,382,1602
846,302,738,984,2870
754,653,244,392,2043
445,692,345,680,2162
947,167,720,863,2697
996,880,917,463,3256
725,534,626,492,2377
369,667,440,545,2021
257,365,438,687,1747
845,61,860,387,2153
114,948,467,730,2259
417,877,640,925,2859
537,783,48,304,1672
830,69,497,895,2291
459,632,417,634,2142
237,260,109,441,1047
127,534,115,41,817
334,530,9,615,1488
924,261,87,824,2096
82,820,198,5,1105
61,887,219,141,1308
34,744,492,180,1450
727,384,545,451,2107
964,858,11,75,1908
902,689,919,977,3487
58,300,353,722,1433
22,474,917,582,1995
715,515,114,115,1459
489,579,91,767,1926
258,567,674,519,2018
791,349,426,539,2105
154,175,132,704,1165
249,133,635,451,1468
272,218,60,700,1250
265,991,204,353,1813
879,677,451,973,2980
216,624,277,304,1421
306,359,862,945,2472
709,343,706,345,2103
421,54,443,293,1211
717,512,897,247,2373
756,695,155,914,2520
366,658,454,890,2368
557,342,718,84,1701
558,180,273,261,1272
287,843,576,801,2507
972,997,885,525,3379
694,316,191,7,1208
756,456,952,853,3017
996,821,565,177,2559
749,91,272,818,1930
1000,851,584,593,3028
100,523,275,611,1509
833,605,198,403,2039
409,437,974,850,2670
604,85,41,521,1251
379,25,578,135,1117
912,675,466,744,2797
619,697,707,573,2596
243,392,755,473,1863
702,576,223,149,1650
839,747,290,492,2368
85,29,354,720,1188
132,917,959,44,2052
469,202,606,622,1899
89,112,253,710,1164
499,751,168,477,1895
776,685,420,777,2658
574,496,857,568,2495
656,183,483,591,1913
142,386,790,95,1413
921,446,430,224,2021
614,159,785,973,2531
737,278,612,240,1867
577,526,300,760,2163
767,766,423,823,2779
13,267,248,428,956
435,984,119,666,2204
675,327,108,686,1796
897,864,508,648,2917
964,790,725,999,3478
129,540,757,291,1717
796,607,855,556,2814
149,596,247,24,1016
810,260,141,510,1721
184,805,590,409,1988
367,289,630,712,1998
422,319,275,399,1415
281,415,514,86,1296
673,792,509,707,2681
124,966,328,782,2200
275,654,300,945,2174
963,825,886,766,3440
45,717,966,354,2082
791,219,768,601,2379
612,849,142,519,2122
964,533,539,954,2990
523,206,812,719,2260
955,846,171,27,1999
932,869,476,634,2911
641,158,48,825,1672
262,13,642,96,1013
297,67,735,176,1275
84,300,593,59,1036
852,786,992,313,2943
973,208,479,190,1850
625,801,693,434,2553
74,284,300,738,1396
325,454,955,896,2630
284,453,816,34,1587
573,666,159,789,2187
426,813,879,136,2254
523,62,806,992,2383
474,947,181,286,1888
213,184,971,563,1931
968,354,404,154,1880
89,324,954,810,2177
520,874,154,463,2011
769,81,588,758,2196
517,865,248,372,2002
361,911,232,453,1957
783,515,242,49,1589
441,219,638,681,1979
291,271,685,957,2204
39,763,389,636,1827
885,542,690,90,2207
807,584,416,95,1902
878,20,437,348,1683
712,143,331,566,1752
415,279,630,404,1728
100,809,393,181,1483
650,162,139,844,1795
518,931,269,107,1825
258,911,653,714,2536
56,949,787,839,2631
76,432,535,738,1781
134,383,190,704,1411
122,321,498,779,1720
288,380,365,158,1191
362,704,939,131,2136
578,709,900,513,2700
295,585,669,45,1594
273,864,706,398,2241
512,60,458,70,1100
55,462,593,425,1535
418,177,774,727,2096
352,93,480,279,1204
287,948,440,859,2534
465,667,345,601,2078
165,215,924,927,2231
43,42,928,268,1281
319,573,571,249,1712
635,533,57,78,1303
150,517,796,842,2305
232,804,229,960,2225
823,890,811,394,2918
38,622,770,931,2361
66,237,176,173,652
586,846,655,722,2809
292,256,835,465,1848
823,13,635,724,2195
579,365,997,34,1975
18,233,692,490,1433
676,150,294,507,1627
773,765,777,61,2376
619,227,818,436,2100
504,186,374,286,1350
803,98,298,541,1740
184,4,19,615,822
245,132,588,825,1790
359,638,146,178,1321
299,138,227,654,1318
934,354,392,763,2443
408,575,646,286,1915
300,377,836,172,1685
530,248,437,689,1904
516,420,839,316,2091
555,476,7,691,1729
801,478,528,681,2488
392,361,491,454,1698
942,93,762,714,2511
396,370,849,307,1922
271,824,212,314,1621
225,656,444,896,2221
71,891,13,522,1497
318,995,279,449,2041
826,993,781,537,3137
0,898,745,191,1834
498,61,830,112,1501
604,574,208,180,1566
441,91,418,541,1491
843,281,489,147,1760
132,168,676,801,1777
367,860,318,474,2019
211,597,100,568,1476
785,244,402,893,2324
697,769,735,582,2783
478,150,897,576,2101
854,487,367,644,2352
829,323,123,548,1823
315,225,791,902,2233
810,44,96,571,1521
108,148,194,927,1377
28,195,251,965,1439
646,63,157,671,1537
128,733,339,272,1472
482,9,403,998,1892
210,745,535,831,2321
50,970,871,484,2375
858,898,552,253,2561
598,370,55,579,1602
973,20,166,555,1714
709,333,708,5,1755
19,754,645,494,1912
58,149,833,271,1311
32,543,141,195,911
145,15,794,220,1174
476,54,301,783,1614
445,870,799,115,2229
867,505,288,151,1811
404,527,260,295,1486
194,119,297,142,752
202,46,25,356,629
277,775,724,460,2236
242,544,474,48,1308
925,585,171,351,2032
681,208,591,971,2451
472,722,156,118,1468
740,178,338,672,1928
820,259,260,904,2243
224,533,73,82,912
544,17,237,456,1254
272,987,122,134,1515
289,109,855,428,1681
345,270,189,913,1717
85,876,958,19,1938
653,215,325,657,1850
776,87,746,260,1869
692,113,677,408,1890
122,551,249,86,1008
673,499,756,410,2338
205,724,646,583,2158
814,469,112,706,2101
653,448,819,178,2098
462,306,199,440,1407
241,825,106,631,1803
412,177,813,332,1734
645,19,380,432,1476
954,56,772,166,1948
144,570,812,893,2419
1000,441,15,439,1895
723,424,346,853,2346
179,104,137,763,1183
439,617,535,270,1861
929,720,807,352,2808
312,502,743,39,1596
501,396,378,280,1555
789,783,176,601,2349
905,45,283,908,2141
567,775,24,992,2358
311,997,596,694,2598
222,148,58,599,1027
34,205,615,352,1206
568,339,400,629,1936
269,698,997,567,2531
505,26,53,648,1232
771,662,716,193,2342
352,631,226,592,1801
575,70,106,541,1292
162,427,546,891,2026
697,478,521,778,2474
744,553,692,466,2455
357,932,67,797,2153
570,539,901,675,2685
881,785,668,675,3009
965,673,812,849,3299
556,806,315,429,2106
93,647,893,432,2065
523,250,367,519,1659
376,765,437,731,2309
363,552,12,628,1555
636,946,333,332,2247
775,7,9,695,1486
313,722,831,493,2359
551,201,270,951,1973
779,72,833,941,2625
452,181,242,878,1753
883,558,592,850,2883
673,507,171,703,2054
266,422,349,220,1257
205,755,824,369,2153
402,706,685,242,2035
626,1,456,979,2062
595,733,767,995,3090
14,291,734,881,1920
473,492,948,316,2229
1,481,703,562,1747
938,155,140,699,1932
204,852,387,435,1878
611,294,275,827,2007
297,572,908,13,1790
188,699,252,40,1179
980,254,293,242,1769
82,57,283,377,799
848,2,814,247,1911
388,768,709,12,1877
244,112,550,303,1209
662,660,60,115,1497
570,843,223,472,2108
802,62,823,874,2561
564,614,249,875,2302
548,283,715,122,1668
598,268,126,292,1284
552,457,357,567,1933
142,731,512,508,1893
313,214,448,275,1250
635,825,278,715,2453
483,992,204,634,2313
267,711,802,179,1959
889,372,764,418,2443
886,633,975,402,2896
344,752,629,128,1853
329,641,486,966,2422
665,505,17,263,1450
343,745,207,717,2012
232,41,344,100,717
993,93,162,117,1365
677,143,433,763,2016
152,368,902,342,1764
329,505,213,39,1086
959,534,336,174,2003
880,290,924,108,2202
735,573,716,859,2883
730,316,698,17,1761
272,759,512,638,2181
857,280,114,883,2134
74,172,193,872,1311
456,608,732,890,2686
651,274,511,650,2086
12,400,228,675,1315
5,214,650,569,1438
180,889,254,709,2032
917,689,770,606,2982
133,58,852,768,1811
327,785,934,719,2765
680,63,534,202,1479
917,138,44,983,2082
51,720,692,511,1974
729,632,889,77,2327
551,502,24,975,2052
249,889,35,936,2109
486,212,95,811,1604
598,81,959,836,2474
639,24,102,859,1624
951,415,137,289,1792
22,831,590,91,1534
504,668,183,366,1721
749,46,401,756,1952
604,466,779,104,1953
292,299,565,705,1861
245,182,516,590,1533
640,685,717,464,2506
550,986,2,71,1609
347,603,939,762,2651
358,304,314,272,1248
777,3,988,409,2177
6,72,586,957,1621
770,45,253,888,1956
305,106,738,809,1958
358,450,915,904,2627
441,167,980,822,2410
519,840,769,446,2574
328,58,684,15,1085
948,891,296,714,2849
276,225,502,812,1815
315,70,235,837,1457
287,880,965,414,2546
618,911,270,54,1853
473,496,879,768,2616
227,641,919,443,2230
504,647,983,550,2684
540,748,286,124,1698
140,109,327,222,798
399,432,868,455,2154
567,237,658,624,2086
206,79,77,124,486
850,393,778,257,2278
678,460,253,837,2228
836,593,217,826,2472
681,180,185,467,1513
287,189,554,222,1252
465,921,122,252,1760
536,665,232,693,2126
26,25,275,495,821
48,93,230,375,746
829,70,393,415,1707
982,987,346,703,3018
600,987,159,653,2399
646,274,856,14,1790
267,989,281,745,2282
805,157,19,70,1051
724,114,112,711,1661
744,199,123,981,2047
628,78,494,984,2184
715,980,514,269,2478
51,859,132,120,1162
62,526,308,625,1521
104,420,745,670,1939
564,88,398,761,1811
887,488,884,325,2584
717,72,400,269,1458
206,981,892,121,2200
945,342,224,565,2076
84,883,380,248,1595
842,594,368,956,2760
311,316,472,671,1770
242,65,675,471,1453
670,82,153,217,1122
503,548,398,837,2286
762,657,860,884,3163
490,374,931,345,2140
943,647,644,797,3031
140,866,204,64,1274
289,44,202,547,1082
125,284,715,673,1797
359,817,882,440,2498
524,850,468,780,2622
816,605,799,897,3117
538,174,9,211,932
241,291,486,545,1563
834,997,494,859,3184
467,926,598,570,2561
183,638,189,844,1854
347,29,207,573,1156
217,240,790,141,1388
713,269,929,800,2711
234,706,622,921,2483
19,75,991,193,1278
135,207,22,709,1073
854,72,651,17,1594
746,210,93,507,1556
199,539,65,903,1706
373,878,995,856,3102
814,110,373,274,1571
353,591,509,93,1546
729,53,470,233,1485
262,128,404,645,1439
802,867,979,141,2789
64,190,573,793,1620
500,176,552,829,2057
553,639,127,417,1736
536,54,510,982,2082
177,978,218,868,2241
708,217,747,845,2517
368,715,982,415,2480
786,937,664,302,2689
588,386,836,373,2183
193,314,366,147,1020
771,751,325,654,2501
494,704,684,932,2814
539,807,220,503,2069
60,645,475,400,1580
320,411,988,222,1941
413,13,435,388,1249
347,944,122,915,2328
605,714,884,925,3128
991,232,768,901,2892
753,499,370,352,1974
471,687,743,18,1919
923,442,214,412,1991
613,902,479,745,2739
645,111,608,949,2313
860,685,490,455,2490
183,861,765,131,1940
22,551,594,807,1974
227,51,731,567,1576
151,434,237,531,1353
407,992,970,486,2855
689,415,748,842,2694
344,162,653,941,2100
826,234,187,65,1312
365,689,9,362,1425
174,402,92,318,986
759,783,796,930,3268
980,963,833,16,2792
667,521,583,57,1828
702,172,231,901,2006
313,663,64,88,1128
769,256,865,684,2574
17,754,790,63,1624
942,334,275,676,2227
885,246,811,67,2009
347,695,872,567,2481
877,291,264,140,1572
849,709,908,317,2783
753,789,16,462,2020
103,144,780,87,1114
488,589,817,445,2339
352,447,127,108,1034
920,989,44,310,2263
43,443,398,251,1135
687,902,266,773,2628
985,205,885,100,2175
667,202,461,559,1889
168,577,3,85,833
603,669,635,927,2834
114,906,169,780,1969
523,370,599,898,2390
142,466,518,33,1159
798,736,210,791,2535
835,43,735,921,2534
962,359,102,801,2224
103,756,184,601,1644
589,46,901,108,1644
807,103,217,687,1814
569,480,670,359,2078
171,466,517,589,1743
221,735,915,756,2627
475,229,777,495,1976
471,126,361,529,1487
211,279,541,207,1238
796,247,843,859,2745
271,958,152,77,1458
394,882,71,660,2007
363,125,91,438,1017
348,29,701,679,1757
964,245,200,708,2117
381,658,228,83,1350
483,799,161,102,1545
346,751,962,96,2155
350,529,223,707,1809
665,923,547,108,2243
965,758,553,45,2321
695,233,113,798,1839
182,820,643,350,1995
510,726,112,730,2078
787,996,252,988,3023
724,712,725,648,2809
972,973,760,216,2921
617,428,299,100,1444
948,895,467,609,2919
124,167,420,781,1492
189,365,990,352,1896
83,551,387,366,1387
250,477,30,242,999
914,244,217,776,2151
42,276,30,774,1122
12,53,528,870,1463
581,47,86,607,1321
307,840,342,749,2238
798,506,781,528,2613
544,30,991,628,2193
476,152,150,764,1542
401,198,782,743,2124
948,371,979,547,2845
926,938,953,432,3249
184,461,299,635,1579
999,406,860,591,2856
370,477,623,667,2137
42,458,330,733,1563
156,493,782,94,1525
15,22,44,94,175
676,815,678,354,2523
767,356,594,0,1717
932,562,678,962,3134
300,967,203,200,1670
762,524,482,99,1867
482,870,732,783,2867
524,853,831,69,2277
2,315,727,194,1238
480,655,825,820,2780
839,658,229,360,2086
490,242,145,134,1011
641,470,729,601,2441
128,492,626,822,2068
704,33,593,985,2315
418,651,47,431,1547
586,650,533,558,2327
521,54,671,256,1502
940,810,32,575,2357
656,242,770,515,2183
548,210,850,363,1971
89,283,175,973,1520
918,64,205,771,1958
903,287,82,205,1477
333,359,229,441,1362
756,589,997,367,2709
502,497,49,462,1510
82,851,956,162,2051
610,291,227,276,1404
496,329,719,863,2407
918,594,387,609,2508
282,237,598,97,1214
819,482,373,237,1911
586,423,691,831,2531
742,650,742,788,2922
983,163,224,85,1455
385,883,810,688,2766
399,309,870,632,2210
17,25,82,576,700
848,818,540,655,2861
410,553,247,942,2152
3,714,712,503,1932
680,639,690,233,2242
676,968,908,255,2807
65,119,866,806,1856
277,649,926,499,2351
624,84,341,5,1054
283,17,382,367,1049
775,478,556,817,2626
341,644,193,970,2148
517,136,39,703,1395
496,653,666,413,2228
69,342,758,306,1475
395,935,197,257,1784
663,264,620,833,2380
407,776,894,259,2336
17,469,692,310,1488
231,354,602,638,1825
992,808,623,45,2468
986,881,603,470,2940
848,581,570,530,2529
601,420,914,730,2665
870,857,459,114,2300
547,155,365,355,1422
132,191,505,283,1111
260,341,176,507,1284
423,74,153,649,1299
752,152,468,875,2247
531,492,653,408,2084
211,710,861,239,2021
656,464,32,885,2037
454,195,520,101,1270
674,682,410,307,2073
196,829,140,999,2164
260,746,992,447,2445
202,353,58,722,1335
108,207,481,539,1335
816,26,849,747,2438
462,27,455,727,1671
444,769,821,55,2089
586,643,598,977,2804
85,662,753,316,1816
506,182,948,251,1887
473,912,764,628,2777
45,613,874,501,2033
539,947,491,69,2046
563,195,641,604,2003
299,257,822,800,2178
318,268,253,493,1332
396,752,69,58,1275
571,440,349,582,1942
883,331,865,577,2656
82,801,582,144,1609
958,61,960,543,2522
189,846,43,62,1140
257,552,896,347,2052
282,860,589,788,2519
394,761,696,340,2191
593,133,333,2,1061
705,96,296,201,1298
730,762,938,722,3152
729,613,910,174,2426
504,328,156,600,1588
481,950,254,378,2063
159,5,639,377,1180
109,730,72,33,944
764,259,973,331,2327
115,375,203,839,1532
759,784,637,12,2192
554,972,370,283,2179
752,722,546,474,2494
794,768,730,603,2895
399,125,873,103,1500
549,994,71,268,1882
209,365,954,900,2428
34,270,996,625,1925
297,681,356,587,1921
152,587,835,512,2086
284,688,510,47,1529
537,340,854,869,2600
359,105,830,171,1465
546,390,476,839,2251
79,574,767,805,2225
340,345,141,419,1245
760,306,234,102,1402
900,586,577,81,2144
922,743,266,784,2715
620,205,187,672,1684
23,77,138,897,1135
682,27,62,824,1595
685,238,251,747,1921
1,25,489,336,851
780,121,646,51,1598
890,431,603,870,2794
407,174,439,694,1714
696,217,281,593,1787
489,883,211,769,2352
575,1000,645,379,2599
396,222,391,371,1380
192,539,506,202,1439
438,898,663,234,2233
372,114,123,954,1563
327,557,719,589,2192
709,930,154,165,1958
440,200,369,430,1439
230,171,763,884,2048
874,265,126,122,1387
702,447,905,633,2687
648,707,179,160,1694
389,380,842,74,1685
96,458,655,421,1630
178,741,268,447,1634
649,959,935,261,2804
454,607,639,635,2335
210,582,889,305,1986
577,556,694,375,2202
353,786,505,460,2104
857,921,954,863,3595
713,325,65,182,1285
700,56,331,350,1437
92,981,426,577,2076
287,243,85,95,710
813,561,304,418,2096
846,227,384,272,1729
207,514,292,106,1119
167,695,165,217,1244
491,154,330,761,1736
134,342,545,419,1440
962,767,935,695,3359
431,580,199,512,1722
825,834,810,294,2763
296,207,704,627,1834
662,610,61,854,2187
758,929,653,856,3196
866,210,324,653,2053
212,102,455,905,1674
941,304,667,52,1964
767,672,926,778,3143
297,212,648,580,1737
96,118,514,394,1122
845,834,966,894,3539
810,374,748,186,2118
182,867,354,327,1730
560,237,556,958,2311
465,918,2,769,2154
494,219,435,409,1557
80,246,42,716,1084
446,85,557,283,1371
368,981,144,602,2095
718,146,755,297,1916
652,488,838,928,2906
537,762,211,413,1923
48,320,401,968,1737
182,955,88,155,1380
935,491,599,655,2680
669,856,568,90,2183
329,221,782,71,1403
213,794,720,323,2050
339,135,700,881,2055
796,928,720,436,2880
185,670,240,950,2045
788,979,641,23,2431
483,111,730,152,1476
764,211,303,400,1678
987,54,766,818,2625
24,882,44,905,1855
65,28,413,504,1010
23,444,455,191,1113
780,404,543,572,2299
952,170,847,632,2601
585,288,448,310,1631
65,251,597,73,986
459,301,526,864,2150
459,290,93,174,1016
315,518,504,641,1978
443,621,914,510,2488
880,621,927,575,3003
305,915,379,648,2247
910,985,205,947,3047
68,154,325,225,772
88,352,872,856,2168
165,293,4,612,1074
93,371,228,244,936
11,225,256,657,1149
820,118,949,363,2250
196,453,967,200,1816
544,130,684,459,1817
434,477,710,668,2289
321,651,789,233,1994
872,736,889,232,2729
642,6,714,379,1741
321,313,7,666,1307
91,143,343,417,994
272,658,223,439,1592
807,472,910,70,2259
477,868,140,465,1950
515,225,295,982,2017
576,79,128,655,1438
579,696,510,287,2072
715,329,940,630,2614
501,841,997,293,2632
797,797,24,41,1659
3,861,509,486,1859
133,585,566,720,2004
701,442,974,796,2913
573,52,44,690,1359
454,286,183,911,1834
358,635,35,900,1928
805,600,23,67,1495
928,592,381,783,2684
844,995,361,795,2995
289,620,944,82,1935
9,335,237,795,1376
728,316,241,173,1458
90,558,98,880,1626
299,149,240,362,1050
594,990,399,209,2192
850,442,1000,964,3256
435,794,886,315,2430
988,530,44,451,2013
487,983,710,249,2429
545,268,311,874,1998
525,183,502,474,1684
70,402,287,719,1478
636,448,917,600,2601
169,293,956,201,1619
873,676,963,150,2662
781,915,519,628,2843
391,627,243,928,2189
958,948,333,392,2631
180,705,908,65,1858
894,429,401,801,2525
776,357,686,260,2079
166,939,321,407,1833
574,407,801,517,2299
448,463,1000,610,2521
583,266,997,335,2181
580,300,424,764,2068
668,753,992,608,3021
863,789,635,174,2461
659,730,625,724,2738
717,14,284,932,1947
969,746,27,230,1972
962,916,735,34,2647
133,522,463,328,1446
140,396,277,319,1132
877,181,266,318,1642
704,707,200,604,2215
729,650,837,11,2227
136,701,921,437,2195
49,71,78,949,1147
810,21,869,223,1923
113,126,321,587,1147
734,127,340,294,1495
669,792,212,894,2567
505,908,887,861,3161
631,417,353,109,1510
829,158,428,742,2157
929,683,456,996,3064
19,234,730,293,1276
868,852,353,915,2988
415,100,550,855,1920
409,70,88,189,756
544,511,510,781,2346
168,589,941,256,1954
101,885,887,450,2323
146,654,527,37,1364
83,303,68,610,1064
292,600,617,107,1616
921,596,917,46,2480
915,944,601,639,3099
690,717,165,510,2082
671,773,697,153,2294
367,747,813,280,2207
126,715,89,667,1597
67,465,175,253,960
909,569,462,210,2150
812,158,369,237,1576
804,830,141,245,2020
86,665,236,196,1183
8,670,382,639,1699
758,7,30,2,797
837,645,747,868,3097
208,837,10,458,1513
711,492,215,631,2049
525,379,74,298,1276
375,543,146,374,1438
613,891,237,158,1899
525,187,873,168,1753
106,391,583,189,1269
326,834,601,592,2353
695,342,131,83,1251
70,747,488,287,1592
34,163,19,442,658
777,635,540,575,2527
29,655,867,632,2183
843,753,417,754,2767
750,845,451,37,2083
548,795,457,827,2627
429,259,677,673,2038
763,825,794,623,3005
410,702,411,205,1728
994,971,995,525,3485
932,28,144,16,1120
257,280,570,119,1226
388,191,652,293,1524
210,234,866,155,1465
505,676,644,914,2739
296,4,488,789,1577
870,939,537,711,3057
591,696,491,579,2357
115,781,81,587,1564
53,106,849,975,1983
274,737,212,440,1663
492,755,733,737,2717
478,757,682,955,2872
447,394,489,139,1469
965,535,953,848,3301
559,462,71,209,1301
216,954,198,932,2300
838,263,225,896,2222
885,950,469,672,2976
71,888,738,428,2125
829,857,664,749,3099
13,209,806,932,1960
756,345,697,538,2336
733,117,691,225,1766
619,524,229,811,2183
788,140,877,505,2310
596,144,97,533,1370
124,117,938,895,2074
340,566,181,621,1708
310,773,176,272,1531
724,838,41,715,2318
665,132,629,166,1592
826,636,526,632,2620
179,134,877,606,1796
174,136,249,89,648
706,624,470,597,2397
226,707,348,391,1672
460,341,315,478,1594
205,784,957,294,2240
516,55,677,247,1495
886,831,318,574,2609
477,859,807,123,2266
964,279,720,223,2186
358,771,308,153,1590
951,323,431,438,2143
911,336,330,116,1693
969,522,335,871,2697
470,789,103,876,2238
902,674,555,409,2540
735,580,572,305,2192
577,19,935,244,1775
37,878,999,475,2389
487,403,46,167,1103
388,274,164,36,862
259,319,521,504,1603
856,384,320,204,1764
110,825,227,254,1416
809,944,521,896,3170
103,529,549,487,1668
656,647,759,102,2164
648,484,712,32,1876
37,899,904,471,2311
427,336,910,517,2190
445,541,61,543,1590
975,474,188,263,1900
736,909,850,730,3225
921,341,4,944,2210
64,364,602,663,1693
706,36,247,340,1329
663,855,281,616,2415
91,544,11,590,1236
958,368,558,803,2687
192,578,540,199,1509
651,241,67,414,1373
556,324,84,194,1158
495,960,270,334,2059
663,713,550,287,2213
314,418,676,3,1411
230,272,713,233,1448
889,356,197,875,2317
707,24,323,515,1569
296,596,138,875,1905
825,959,90,820,2694
574,334,570,742,2220
691,622,289,691,2293
385,118,110,972,1585
959,39,685,250,1933
783,150,326,44,1303
473,673,208,371,1725
574,971,763,105,2413
1000,788,769,739,3296
455,883,139,347,1824
169,916,630,868,2583
581,321,146,693,1741
779,684,438,635,2536
417,361,85,270,1133
298,410,477,525,1710
34,111,3,287,435
197,148,490,729,1564
801,324,111,600,1836
572,861,494,630,2557
600,688,818,942,3048
792,621,104,940,2457
11,48,475,934,1468
818,453,659,497,2427
90,842,402,50,1384
749,343,999,793,2884
963,451,672,769,2855
225,718,24,194,1161
547,801,24,69,1441
608,42,157,646,1453
508,131,553,56,1248
523,135,132,920,1710
301,742,117,783,1943
431,516,844,839,2630
946,983,336,673,2938
120,764,267,943,2094
721,722,810,462,2715
531,133,509,692,1865
852,875,375,760,2862
6,466,509,158,1139
946,939,949,773,3607
930,481,201,784,2396
792,293,169,629,1883
994,264,306,347,1911
31,816,264,353,1464
538,83,969,822,2412
554,267,181,476,1478
345,271,701,688,2005
133,401,681,212,1427
896,1000,179,950,3025
503,708,958,408,2577
36,239,731,615,1621
309,769,586,674,2338
79,634,632,695,2040
896,701,373,597,2567
825,769,189,726,2509
556,148,682,427,1813
651,144,600,758,2153
813,590,936,472,2811
482,407,781,216,1886
958,14,149,968,2089
469,161,855,20,1505
547,419,574,651,2191
706,693,588,764,2751
510,859,693,302,2364
601,334,51,826,1812
604,675,521,161,1961
266,403,169,743,1581
328,912,703,203,2146
388,768,648,713,2517
946,539,970,919,3374
738,100,556,976,2370
941,502,426,450,2319
816,96,744,917,2573
854,969,625,930,3378
880,431,634,115,2060
339,69,936,595,1939
338,371,735,227,1671
50,149,26,804,1029
244,825,293,784,2146
766,544,380,256,1946
46,570,911,576,2103
557,697,559,625,2438
706,386,567,485,2144
296,996,981,312,2585
595,607,952,303,2457
591,104,674,504,1873
753,527,705,948,2933
585,990,977,932,3484
150,446,212,188,996
236,619,29,328,1212
391,127,941,458,1917
237,497,575,447,1756
792,265,110,190,1357
914,696,684,668,2962
525,224,887,225,1861
20,132,435,917,1504
296,494,106,240,1136
858,942,942,176,2918
680,58,704,263,1705
963,394,732,699,2788
751,657,96,12,1516
361,947,731,438,2477
733,345,331,393,1802
323,59,299,799,1480
846,933,884,277,2940
968,728,611,947,3254
442,229,637,340,1648
876,678,754,452,2760
891,145,230,234,1500
202,415,682,206,1505
10,900,853,446,2209
832,483,241,522,2078
664,764,239,261,1928
778,311,968,979,3036
908,491,385,564,2348
91,483,270,212,1056
714,175,994,441,2324
145,668,318,933,2064
441,841,986,49,2317
297,26,186,188,697
765,506,903,449,2623
483,602,479,973,2537
106,52,687,403,1248
746,432,101,396,1675
609,365,625,188,1787
551,284,547,913,2295
913,616,596,130,2255
349,425,866,175,1815
442,32,880,399,1753
365,761,292,253,1671
378,496,238,110,1222
688,305,726,245,1964
0,308,399,864,1571
334,12,825,307,1478
383,283,747,70,1483
931,324,362,671,2288
360,552,115,186,1213
555,999,564,5,2123
792,518,185,687,2182
48,296,554,628,1526
569,199,522,53,1343
75,139,72,799,1085
537,554,80,350,1521
344,348,675,431,1798
423,209,158,959,1749
217,526,743,752,2238
522,451,154,104,1231
234,508,32,285,1059
878,230,721,509,2338
563,200,946,497,2206
176,245,889,472,1782
163,512,795,465,1935
306,166,841,810,2123
823,533,326,164,1846
946,152,741,892,2731
487,991,798,353,2629
653,608,480,375,2116
165,316,339,903,1723
145,49,154,102,450
78,183,622,212,1095
77,231,241,12,561
297,106,545,279,1227
276,542,666,70,1554
592,919,511,567,2589
29,874,587,936,2426
297,107,765,899,2068
385,982,214,433,2014
922,544,893,924,3283
546,735,216,214,1711
805,871,842,179,2697
271,431,915,40,1657
286,298,393,229,1206
167,737,136,748,1788
715,857,257,570,2399
452,800,911,864,3027
760,939,192,338,2229
887,515,815,191,2408
711,316,133,35,1195
651,327,764,315,2057
888,246,35,659,1828
19,386,581,558,1544
596,115,24,274,1009
299,986,538,579,2402
527,407,312,632,1878
189,671,991,255,2106
53,723,159,378,1313
266,567,629,814,2276
746,922,977,594,3239
949,808,673,647,3077
559,830,272,589,2250
127,590,180,572,1469
670,432,977,642,2721
308,52,896,881,2137
525,34,688,537,1784
472,700,938,588,2698
666,713,75,998,2452
44,861,302,94,1301
974,199,388,448,2009
36,385,371,653,1445
249,704,141,728,1822
967,550,584,328,2429
16,741,597,375,1729
112,741,478,669,2000
449,370,513,721,2053
968,747,11,141,1867
858,400,257,258,1773
211,811,85,763,1870
48,453,853,455,1809
262,485,524,552,1823
595,171,597,516,1879
312,234,968,486,2000
399,61,168,737,1365
229,397,584,84,1294
852,818,597,484,2751
1,494,474,150,1119
327,897,389,764,2377
375,685,168,596,1824
443,424,577,478,1922
623,922,120,460,2125
231,164,666,156,1217
552,509,187,998,2246
681,292,499,960,2432
802,613,18,603,2036
568,3,771,853,2195
313,26,757,977,2073
396,129,355,978,1858
647,35,950,0,1632
28,812,83,894,1817
176,499,551,856,2082
532,182,914,308,1936
193,172,653,130,1148
158,177,849,721,1905
36,690,371,326,1423
406,651,497,522,2076
884,605,55,180,1724
439,771,5,421,1636
134,927,822,737,2620
119,902,749,356,2126
518,664,241,780,2203
669,140,970,506,2285
373,257,662,885,2177
853,406,254,126,1639
847,568,264,699,2378
682,231,204,193,1310
318,623,739,119,1799
834,848,296,586,2564
94,101,17,532,744
711,425,715,659,2510
302,436,42,483,1263
3,494,343,583,1423
625,173,542,589,1929
343,189,88,199,819
420,224,979,220,1843
952,3,514,369,1838
346,802,744,556,2448
868,916,122,929,2835
764,541,430,364,2099
230,484,874,461,2049
112,401,286,904,1703
74,742,960,377,2153
683,276,442,847,2248
115,712,989,94,1910
356,674,492,656,2178
594,801,798,866,3059
259,313,979,800,2351
157,15,471,547,1190
112,376,611,255,1354
659,515,551,848,2573
698,66,915,978,2657
523,468,23,562,1576
767,672,39,71,1549
789,549,279,101,1718
327,560,560,598,2045
189,551,390,195,1325
587,911,877,677,3052
475,487,512,135,1609
315,767,51,992,2125
664,207,751,68,1690
827,934,196,567,2524
654,544,987,48,2233
987,224,999,117,2327
941,983,61,861,2846
222,1000,272,278,1772
371,764,729,939,2803
726,898,455,976,3055
849,424,666,807,2746
700,331,997,620,2648
616,106,336,451,1509
461,842,777,40,2120
396,242,411,367,1416
157,258,876,902,2193
387,351,645,789,2172
98,311,954,646,2009
498,374,909,493,2274
302,590,557,277,1726
284,579,625,103,1591
64,439,675,353,1531
376,869,944,693,2882
601,868,758,161,2388
558,891,113,54,1616
494,853,943,140,2430
770,577,102,538,1987
640,909,185,258,1992
19,742,963,164,1888
923,539,986,404,2852
987,258,132,425,1802
4,218,320,700,1242
265,594,989,359,2207
75,675,614,935,2299
107,220,479,763,1569
637,585,242,298,1762
648,224,415,322,1609
227,781,471,884,2363
109,151,968,462,1690
201,900,864,327,2292
314,0,774,699,1787
450,368,109,487,1414
920,590,676,596,2782
712,944,750,642,3048
667,34,3,948,1652
440,942,195,942,2519
41,892,529,337,1799
933,5,420,980,2338
81,496,536,650,1763
122,154,426,537,1239
20,834,868,123,1845
307,581,718,40,1646
971,34,340,877,2222
445,761,475,699,2380
823,468,492,310,2093
85,39,89,845,1058
571,105,423,125,1224
393,857,537,343,2130
801,567,71,603,2042
259,68,623,996,1946
955,504,540,27,2026
694,858,125,862,2539
545,41,121,811,1518
984,162,171,131,1448
760,783,853,526,2922
438,476,184,951,2049
676,655,307,407,2045
668,963,750,343,2724
261,911,470,61,1703
224,622,265,846,1957
622,958,959,488,3027
833,431,643,184,2091
235,580,603,98,1516
246,197,473,125,1041
216,331,354,285,1186
103,275,718,990,2086
20,237,634,195,1086
73,147,483,929,1632
882,379,896,415,2572
33,572,548,265,1418
975,452,159,30,1616
682,777,401,31,1891
862,991,425,247,2525
943,823,894,643,3303
864,987,641,334,2826
902,915,377,304,2498
689,836,488,649,2662
735,929,889,507,3060
748,724,528,280,2280
13,5,357,432,807
951,175,970,144,2240
903,307,70,616,1896
801,234,165,542,1742
535,327,437,460,1759
337,205,146,229,917
836,351,762,117,2066
684,392,526,739,2341
672,86,308,373,1439
56,582,327,448,1413
140,173,940,745,1998
463,641,45,757,1906
119,818,209,1000,2146
405,77,983,591,2056
987,818,439,140,2384
375,442,228,382,1427
710,706,43,895,2354
441,709,235,314,1699
709,255,189,737,1890
49,54,765,77,945
251,222,832,797,2102
705,336,172,822,2035
280,299,626,644,1849
858,112,561,86,1617
30,567,977,288,1862
819,640,240,534,2233
617,242,744,120,1723
464,611,570,520,2165
834,412,387,848,2481
537,313,624,159,1633
946,439,761,115,2261
838,155,269,274,1536
125,858,764,767,2514
984,255,546,177,1962
332,58,291,94,775
299,90,232,51,672
511,571,429,310,1821
109,420,416,724,1669
725,328,774,553,2380
565,975,311,147,1998
623,398,37,417,1475
864,61,939,518,2382
984,536,178,800,2498
585,727,311,959,2582
267,723,853,561,2404
292,240,881,684,2097
85,849,657,735,2326
215,453,661,213,1542
538,601,783,516,2438
223,514,92,815,1644
267,478,138,603,1486
296,826,21,967,2110
221,940,937,3,2101
598,911,119,504,2132
314,531,940,834,2619
923,365,351,142,1781
149,958,789,653,2549
498,951,703,986,3138
142,991,736,719,2588
800,715,388,988,2891
440,42,269,189,940
470,420,940,164,1994
755,252,392,637,2036
559,440,926,880,2805
923,302,892,231,2348
77,699,42,256,1074
779,157,395,82,1413
533,724,252,694,2203
767,772,905,862,3306
195,328,874,387,1784
857,9,773,536,2175
459,704,948,490,2601
110,752,731,344,1937
433,659,642,318,2052
384,618,175,828,2005
356,401,179,736,1672
725,154,510,486,1875
999,154,98,983,2234
193,631,302,923,2049
603,72,560,341,1576
156,278,989,854,2277
970,217,342,935,2464
342,219,584,700,1845
639,688,392,733,2452
927,67,660,597,2251
597,4,290,651,1542
986,454,780,205,2425
583,710,42,297,1632
144,420,536,984,2084
564,480,469,60,1573
60,690,28,468,1246
873,745,393,336,2347
278,789,499,257,1823
531,328,907,260,2026
852,141,601,203,1797
668,706,697,842,2913
140,368,248,2,758
166,356,264,405,1191
761,279,254,231,1525
348,344,681,996,2369
938,731,36,267,1972
962,689,412,179,2242
982,156,344,571,2053
74,177,393,138,782
583,88,774,438,1883
146,239,492,311,1188
377,776,350,346,1849
915,78,61,865,1919
998,319,20,956,2293
943,978,845,61,2827
268,515,689,248,1720
602,4,910,451,1967
385,963,309,861,2518
30,478,383,193,1084
421,132,642,173,1368
651,815,148,265,1879
140,382,819,690,2031
257,69,78,827,1231
716,805,397,371,2289
45,583,658,901,2187
444,749,191,145,1529
41,366,189,372,968
647,148,603,10,1408
718,509,752,258,2237
825,588,278,839,2530
714,244,646,734,2338
765,497,807,443,2512
218,810,177,337,1542
433,761,874,780,2848
309,862,410,188,1769
479,50,990,256,1775
662,425,634,659,2380
277,264,47,143,731
851,257,945,798,2851
316,880,58,716,1970
473,288,166,944,1871
575,239,19,104,937
528,746,376,1000,2650
108,852,221,698,1879
15,718,896,128,1757
31,581,542,101,1255
28,679,408,507,1622
639,21,933,858,2451
604,690,21,305,1620
355,245,1,576,1177
104,981,551,622,2258
745,665,827,453,2690
417,311,349,238,1315
83,648,98,489,1318
138,661,673,251,1723
817,553,99,568,2037
991,839,112,690,2632
145,832,732,75,1784
370,218,694,927,2209
812,714,387,9,1922
256,203,10,665,1134
220,882,298,815,2215
14,915,144,956,2029
760,739,595,582,2676
432,451,700,993,2576
904,46,120,539,1609
743,694,72,685,2194
761,200,750,844,2555
463,145,148,560,1316
459,386,377,697,1919
339,561,549,546,1995
483,664,942,601,2690
557,151,474,663,1845
106,317,766,421,1610
445,777,857,11,2090
406,760,373,541,2080
905,989,809,123,2826
299,337,704,957,2297
260,738,476,202,1676
5,710,221,372,1308
272,667,429,595,1963
823,752,637,268,2480
760,843,137,73,1813
830,935,920,45,2730
211,9,329,553,1102
685,261,78,515,1539
374,786,987,267,2414
626,908,807,616,2957
671,721,267,75,1734
663,513,695,189,2060
72,58,474,195,799
761,706,287,941,2695
692,294,177,163,1326
444,526,728,925,2623
581,95,327,174,1177
420,591,819,21,1851
260,907,323,532,2022
519,349,374,467,1709
404,85,166,217,872
285,199,787,705,1976
751,637,298,35,1721
242,91,662,239,1234
226,397,945,970,2538
672,722,827,57,2278
946,841,251,168,2206
606,292,761,318,1977
657,336,540,895,2428
763,809,433,638,2643
636,829,461,333,2259
260,558,804,170,1792
171,674,821,184,1850
394,376,889,952,2611
478,412,617,666,2173
885,8,266,48,1207
731,291,807,644,2473
423,748,851,349,2371
336,206,612,492,1646
117,700,530,605,1952
247,558,858,355,2018
946,61,309,221,1537
124,257,457,571,1409
540,361,166,462,1529
717,506,718,459,2400
377,161,642,169,1349
33,461,575,223,1292
962,256,240,382,1840
429,324,217,451,1421
483,794,317,711,2305
48,942,567,648,2205
920,709,318,151,2098
844,828,840,185,2697
308,280,671,945,2204
775,154,493,655,2077
303,93,536,283,1215
228,665,1,54,948
363,243,373,383,1362
44,939,643,667,2293
207,544,572,344,1667
118,435,15,753,1321
310,615,231,201,1357
496,803,865,317,2481
106,255,387,842,1590
177,611,673,992,2453
562,370,659,721,2312
57,290,620,985,1952
798,734,319,313,2164
417,275,56,421,1169
473,906,503,943,2825
561,666,151,380,1758
561,769,123,965,2418
117,47,184,780,1128
182,549,846,459,2036
244,755,223,850,2072
662,758,38,438,1896
738,365,371,486,1960
903,131,382,222,1638
313,57,158,799,1327
300,437,311,290,1338
693,831,87,292,1903
367,893,91,598,1949
325,447,226,969,1967
978,748,275,780,2781
297,406,410,467,1580
499,200,494,783,1976
672,80,735,634,2121
523,26,536,287,1372
277,54,99,753,1183
674,594,156,742,2166
297,6,518,863,1684
596,173,736,143,1648
802,931,59,330,2122
817,836,834,218,2705
632,64,370,312,1378
131,336,760,485,1712
57,668,717,578,2020
761,504,515,296,2076
176,357,203,851,1587
136,51,967,697,1851
666,219,952,868,2705
486,925,259,976,2646
579,638,434,194,1845
269,641,695,380,1985
466,477,715,33,1691
554,184,11,104,853
286,136,932,456,1810
871,965,726,462,3024
527,671,591,559,2348
777,989,97,127,1990
431,932,834,152,2349
217,856,105,508,1686
959,775,645,573,2952
671,902,173,620,2366
975,333,340,337,1985
407,430,91,94,1022
660,901,968,864,3393
34,912,928,380,2254
912,124,970,446,2452
659,654,696,486,2495
873,592,534,502,2501
627,600,268,100,1595
627,499,137,934,2197
854,252,551,658,2315
312,843,216,345,1716
668,703,788,620,2779
236,930,555,501,2222
443,125,402,505,1475
854,933,647,197,2631
57,466,260,148,931
605,370,956,458,2389
62,536,834,242,1674
904,721,132,780,2537
517,889,601,636,2643
520,425,440,667,2052
166,423,686,782,2057
668,177,527,722,2094
952,23,851,974,2800
585,984,440,481,2490
578,665,664,819,2726
505,326,521,262,1614
812,219,240,48,1319
559,941,70,731,2301
559,311,396,777,2043
854,263,506,944,2567
282,468,929,527,2206
115,586,412,749,1862
336,551,3,462,1352
973,415,152,118,1658
146,388,132,388,1054
729,143,131,288,1291
634,228,83,314,1259
779,130,264,698,1871
11,99,327,333,770
134,245,566,186,1131
548,750,190,889,2377
253,624,399,487,1763
14,299,158,620,1091
100,383,954,948,2385
225,178,542,539,1484
313,812,761,782,2668
447,290,971,748,2456
946,573,400,951,2870
831,408,334,838,2411
458,346,394,369,1567
949,959,488,382,2778
148,936,442,392,1918
820,270,458,306,1854
230,947,133,290,1600
14,39,817,680,1550
116,667,430,256,1469
590,962,442,819,2813
357,432,341,812,1942
314,607,827,984,2732
848,297,906,547,2598
408,62,410,167,1047
162,103,35,22,322
651,734,143,199,1727
94,174,57,961,1286
22,43,602,588,1255
291,387,352,562,1592
764,891,713,118,2486
903,88,421,796,2208
575,648,922,130,2275
285,598,673,162,1718
135,748,818,528,2229
314,689,127,747,1877
351,175,297,621,1444
547,613,120,616,1896
810,3,450,272,1535
75,590,273,489,1427
685,425,963,493,2566
688,377,845,931,2841
975,114,444,109,1642
754,844,927,579,3104
164,313,558,747,1782
284,223,431,55,993
18,989,729,359,2095
192,815,55,968,2030
529,188,728,293,1738
63,459,564,56,1142
140,470,59,768,1437
670,943,592,567,2772
143,250,114,593,1100
318,180,0,160,658
918,507,707,383,2515
131,509,415,780,1835
604,377,393,733,2107
220,949,636,137,1942
833,375,848,51,2107
524,497,613,373,2007
443,746,736,320,2245
816,679,30,567,2092
570,845,38,307,1760
22,775,464,352,1613
36,117,515,363,1031
553,486,538,842,2419
976,805,660,940,3381
764,244,813,828,2649
633,722,551,501,2407
876,112,141,649,1778
790,548,37,635,2010
125,125,183,980,1413
175,410,135,493,1213
26,778,947,369,2120
149,457,620,893,2119
829,280,253,152,1514
762,607,668,182,2219
695,882,151,137,1865
942,38,826,182,1988
724,244,809,237,2014
977,209,153,402,1741
539,926,938,134,2537
21,241,949,383,1594
970,324,114,581,1989
622,65,752,490,1929
887,708,578,130,2303
540,13,128,898,1579
192,513,376,949,2030
126,309,306,707,1448
108,161,208,891,1368
182,757,748,648,2335
582,636,758,286,2262
389,930,670,960,2949
370,502,658,979,2509
961,481,883,292,2617
862,634,476,794,2766
133,787,215,1,1136
676,964,850,549,3039
36,464,168,354,1022
219,406,163,807,1595
859,615,248,216,1938
19,717,782,580,2098
891,274,244,518,1927
949,64,683,233,1929
319,670,766,124,1879
798,219,809,459,2285
251,769,48,93,1161
892,673,953,873,3391
642,894,902,192,2630
24,295,236,23,578
846,398,574,794,2612
986,637,902,83,2608
464,445,1,683,1593
612,901,51,704,2268
372,857,929,61,2219
211,158,747,889,2005
186,772,62,937,1957
34,680,495,179,1388
40,688,15,937,1680
646,379,576,271,1872
794,910,572,160,2436
63,701,245,125,1134
663,288,546,230,1727
682,876,649,714,2921
92,107,28,779,1006
772,993,260,456,2481
756,254,706,60,1776
55,2,603,655,1315
65,347,70,859,1341
345,323,733,72,1473
5,374,447,339,1165
266,124,923,645,1958
164,190,32,514,900
70,15,915,703,1703
315,625,371,301,1612
993,710,62,528,2293
463,215,758,870,2306
472,327,515,811,2125
998,942,643,796,3379
146,850,510,682,2188
967,155,14,369,1505
357,97,690,454,1598
584,416,561,340,1901
719,890,857,773,3239
942,473,658,634,2707
721,885,614,148,2368
477,337,464,691,1969
193,988,540,937,2658
140,53,115,25,333
846,937,653,979,3415
219,866,232,863,2180
511,113,204,757,1585
753,26,119,471,1369
787,758,431,987,2963
760,517,323,171,1771
625,781,344,801,2551
215,481,709,420,1825
424,667,464,725,2280
816,919,370,375,2480
53,246,438,748,1485
703,282,980,297,2262
877,679,995,630,3181
747,686,296,290,2019
476,565,880,417,2338
993,871,460,824,3148
697,797,684,178,2356
416,169,702,888,2175
408,311,371,131,1221
151,382,821,658,2012
820,585,134,17,1556
713,148,260,731,1852
700,658,783,421,2562
155,245,415,548,1363
87,372,275,488,1222
765,231,400,790,2186
899,679,56,340,1974
326,149,102,287,864
613,900,547,584,2644
470,728,593,155,1946
830,720,199,637,2386
108,981,70,87,1246
528,174,884,589,2175
652,310,23,558,1543
955,650,174,195,1974
992,773,674,34,2473
417,585,574,696,2272
935,447,700,989,3071
250,459,168,216,1093
663,546,281,115,1605
21,898,459,401,1779
235,839,368,40,1482
892,812,111,184,1999
176,287,704,591,1758
525,828,799,207,2359
652,687,372,158,1869
787,886,311,338,2322
36,974,259,599,1868
169,500,989,490,2148
298,778,185,359,1620
105,990,575,271,1941
779,69,162,110,1120
714,29,57,379,1179
404,467,636,894,2401
6,914,13,903,1836
375,649,293,83,1400
563,66,925,643,2197
596,44,429,846,1915
701,410,55,710,1876
643,165,366,668,1842
795,779,132,632,2338
297,69,749,42,1157
372,607,213,939,2131
609,465,407,185,1666
595,719,54,331,1699
513,187,593,521,1814
23,15,746,64,848
527,503,634,328,1992
518,323,319,988,2148
911,238,190,280,1619
67,853,34,316,1270
459,237,189,479,1364
398,397,754,244,1793
368,732,177,306,1583
770,982,609,528,2889
959,740,378,229,2306
729,627,399,490,2245
931,936,227,753,2847
995,444,439,394,2272
178,706,389,782,2055
983,856,848,751,3438
945,315,22,571,1853
596,892,143,116,1747
656,203,917,233,2009
302,303,662,825,2092
12,748,673,629,2062
666,460,264,276,1666
206,455,498,836,1995
418,720,335,828,2301
467,12,922,273,1674
404,994,484,344,2226
570,217,932,746,2465
265,212,561,35,1073
841,54,327,185,1407
933,256,298,254,1741
105,927,749,170,1951
376,887,704,151,2118
137,790,484,363,1774
761,912,445,836,2954
659,888,589,655,2791
632,629,601,703,2565
756,997,504,303,2560
244,286,930,403,1863
980,875,190,597,2642
896,37,849,944,2726
253,347,224,865,1689
486,768,469,361,2084
156,733,17,908,1814
404,323,857,446,2030
215,672,213,412,1512
968,260,898,765,2891
128,748,759,114,1749
343,752,655,552,2302
270,343,707,136,1456
705,643,952,285,2585
635,969,660,478,2742
836,546,244,929,2555
760,223,659,317,1959
456,711,945,480,2592
497,946,70,553,2066
57,785,46,786,1674
692,764,123,875,2454
235,109,348,996,1688
763,709,552,844,2868
622,402,598,374,1996
163,697,927,808,2595
519,368,749,512,2148
578,289,770,831,2468
849,28,324,255,1456
211,78,250,647,1186
538,424,335,77,1374
375,595,56,338,1364
496,729,949,581,2755
685,673,49,688,2095
607,894,98,557,2156
723,352,799,105,1979
239,663,741,710,2353
418,756,310,860,2344
674,24,772,817,2287
365,860,43,72,1340
160,290,625,545,1620
435,555,179,144,1313
795,660,790,39,2284
687,880,295,966,2828
762,759,201,858,2580
897,673,143,358,2071
137,862,844,42,1885
688,85,909,933,2615
12,871,122,638,1643
222,470,351,775,1818
31,847,393,949,2220
556,117,340,566,1579
534,90,571,731,1926
264,836,628,955,2683
733,679,899,321,2632
993,830,801,949,3573
224,490,187,238,1139
380,612,783,673,2448
111,416,253,578,1358
973,593,171,562,2299
495,315,447,381,1638
670,895,749,150,2464
663,438,637,575,2313
489,615,878,779,2761
386,832,876,99,2193
308,962,568,892,2730
885,891,901,745,3422
868,524,661,862,2915
480,517,808,830,2635
555,108,684,39,1386
316,429,114,689,1548
57,153,163,360,733
690,687,16,917,2310
850,665,514,435,2464
100,558,823,757,2238
896,51,61,848,1856
166,527,60,36,789
170,510,701,880,2261
11,128,595,351,1085
591,261,877,599,2328
677,1,791,700,2169
639,526,269,995,2429
124,937,12,181,1254
876,674,894,412,2856
695,173,994,769,2631
686,566,754,913,2919
521,694,390,604,2209
503,573,62,783,1921
761,663,797,753,2974
817,43,18,635,1513
7,776,780,39,1602
890,130,21,467,1508
672,383,206,858,2119
520,338,22,9,889
113,210,259,661,1243
932,269,979,731,2911
390,872,890,205,2357
917,569,8,199,1693
525,392,933,86,1936
193,353,254,182,982
801,303,58,962,2124
128,354,650,251,1383
517,836,148,559,2060
788,280,739,315,2122
636,530,950,365,2481
495,290,48,7,840
512,748,254,951,2465
329,472,15,143,959
353,547,893,384,2177
810,643,849,231,2533
772,346,967,257,2342
826,114,427,753,2120
731,827,287,640,2485
790,786,16,654,2246
611,685,356,985,2637
942,824,498,332,2596
279,984,963,137,2363
913,967,682,954,3516
609,568,199,767,2143
926,775,792,248,2741
742,230,824,756,2552
248,107,646,240,1241
467,745,32,502,1746
648,357,338,809,2152
396,82,736,190,1404
169,648,312,659,1788
572,897,121,390,1980
297,241,771,475,1784
144,69,884,411,1508
397,272,882,997,2548
888,870,925,997,3680
693,987,828,404,2912
451,770,989,111,2321
725,779,814,727,3045
705,942,835,483,2965
950,566,298,82,1896
130,592,261,957,1940
252,513,228,860,1853
996,988,881,144,3009
106,333,412,414,1265
923,716,824,509,2972
811,158,420,135,1524
372,371,116,689,1548
38,638,768,734,2178
945,594,810,933,3282
425,439,182,139,1185
791,811,834,129,2565
791,676,184,20,1671
946,476,468,98,1988
293,610,351,584,1838
204,171,103,11,489
856,562,700,269,2387
888,136,733,960,2717
738,57,673,127,1595
851,842,390,49,2132
542,187,857,804,2390
390,560,997,386,2333
789,712,609,8,2118
616,660,636,0,1912
181,357,642,945,2125
394,976,427,447,2244
997,763,685,46,2491
470,146,490,469,1575
352,463,588,8,1411
38,332,135,316,821
454,239,719,491,1903
17,365,371,901,1654
293,38,828,316,1475
405,491,547,378,1821
385,653,584,368,1990
999,140,30,427,1596
352,448,546,322,1668
111,569,717,133,1530
278,166,188,513,1145
166,266,815,743,1990
452,619,868,768,2707
589,343,373,543,1848
31,364,990,435,1820
949,84,510,330,1873
573,607,623,285,2088
968,939,531,128,2566
698,360,879,356,2293
172,519,867,406,1964
334,975,96,776,2181
455,94,229,314,1092
617,108,206,42,973
448,524,803,215,1990
325,18,412,913,1668
563,438,257,488,1746
846,403,544,152,1945
816,922,553,308,2599
965,334,485,646,2430
511,841,954,233,2539
52,343,393,512,1300
316,70,490,867,1743
27,814,747,16,1604
527,810,999,466,2802
733,268,35,865,1901
342,583,525,696,2146
322,814,80,590,1806
732,914,851,944,3441
708,409,454,18,1589
170,351,301,261,1083
377,951,686,784,2798
899,185,522,964,2570
603,953,799,893,3248
577,998,416,487,2478
293,13,428,954,1688
216,624,920,904,2664
587,403,563,592,2145
293,11,284,610,1198
419,740,558,918,2635
813,477,499,506,2295
525,877,558,566,2526
70,501,148,115,834
459,534,896,322,2211
92,766,904,791,2553
74,697,322,579,1672
155,620,607,669,2051
909,275,916,306,2406
205,441,603,685,1934
994,974,85,860,2913
848,554,133,598,2133
900,761,140,787,2588
840,263,845,902,2850
274,157,425,272,1128
546,858,656,137,2197
597,884,377,487,2345
215,692,1000,810,2717
282,510,918,830,2540
241,86,940,651,1918
309,13,935,706,1963
559,253,810,972,2594
345,788,681,210,2024
770,536,93,325,1724
26,360,404,854,1644
911,854,496,681,2942
658,21,101,611,1391
881,474,166,220,1741
835,860,403,165,2263
579,684,753,744,2760
377,543,688,212,1820
221,800,751,252,2024
361,934,472,813,2580
935,375,780,983,3073
272,115,276,372,1035
900,11,430,570,1911
46,902,15,462,1425
77,787,312,230,1406
474,227,119,9,829
989,68,255,248,1560
159,322,468,949,1898
375,767,212,244,1598
372,241,120,754,1487
116,205,477,295,1093
272,391,583,139,1385
556,797,365,238,1956
220,933,812,415,2380
972,740,141,294,2147
365,242,968,304,1879
164,646,904,32,1746
316,556,247,947,2066
831,811,296,681,2619
361,93,754,277,1485
333,474,698,71,1576
63,440,861,609,1973
404,649,839,518,2410
198,222,76,441,937
558,876,659,410,2503
964,675,932,310,2881
655,927,601,134,2317
503,943,402,977,2825
175,356,885,7,1423
120,285,522,32,959
282,900,973,282,2437
787,901,993,421,3102
275,114,120,612,1121
210,163,476,277,1126
743,99,977,593,2412
365,583,91,627,1666
166,868,31,366,1431
555,197,944,342,2038
195,144,912,493,1744
752,414,298,828,2292
585,648,650,180,2063
746,298,217,978,2239
887,387,171,695,2140
319,622,174,298,1413
84,853,311,382,1630
278,74,537,984,1873
833,672,799,195,2499
441,869,699,802,2811
884,16,444,483,1827
5,113,614,911,1643
654,183,14,790,1641
460,893,670,587,2610
548,38,90,80,756
876,362,772,879,2889
918,729,794,635,3076
225,737,363,784,2109
977,440,615,321,2353
925,187,782,437,2331
111,271,930,433,1745
378,686,617,782,2463
493,128,182,429,1232
345,726,816,122,2009
644,949,478,240,2311
562,785,333,977,2657
945,969,863,439,3216
492,492,456,0,1440
211,284,146,989,1630
243,605,908,974,2730
754,928,549,728,2959
116,532,680,219,1547
725,737,753,6,2221
993,224,76,681,1974
282,451,877,248,1858
248,518,733,970,2469
626,763,67,978,2434
54,480,18,901,1453
126,852,662,198,1838
258,776,385,640,2059
585,982,746,225,2538
987,882,523,575,2967
374,546,421,612,1953
188,198,889,932,2207
554,85,987,406,2032
867,293,365,415,1940
485,488,401,252,1626
354,110,902,418,1784
463,985,877,59,2384
538,593,493,982,2606
650,60,697,95,1502
567,207,137,975,1886
63,77,585,765,1490
106,143,11,60,320
247,600,696,337,1880
243,899,935,16,2093
916,413,211,231,1771
317,817,119,957,2210
300,498,471,649,1918
19,851,787,556,2213
383,326,647,815,2171
346,790,151,191,1478
231,98,662,215,1206
243,888,62,585,1778
549,144,427,521,1641
420,76,467,22,985
556,350,630,145,1681
207,224,719,680,1830
924,456,864,954,3198
41,355,938,399,1733
381,712,279,818,2190
626,613,984,785,3008
897,279,966,775,2917
536,166,4,263,969
490,613,340,823,2266
896,609,577,783,2865
256,948,848,647,2699
950,913,697,573,3133
416,474,712,113,1715
29,43,428,990,1490
777,768,837,882,3264
287,762,462,924,2435
623,982,434,860,2899
761,605,58,559,1983
204,625,114,391,1334
848,868,703,95,2514
643,215,650,653,2161
120,196,258,266,840
198,956,803,257,2214
181,66,334,84,665
706,244,580,733,2263
581,664,353,130,1728
608,460,618,640,2326
981,739,793,332,2845
134,404,727,546,1811
955,532,459,654,2600
290,775,510,690,2265
620,212,94,75,1001
753,162,237,618,1770
370,886,923,408,2587
480,536,78,444,1538
794,693,31,385,1903
628,653,931,419,2631
118,551,82,685,1436
284,196,819,97,1396
635,980,566,210,2391
903,716,562,526,2707
571,336,337,637,1881
987,878,358,474,2697
771,128,187,440,1526
775,198,118,613,1704
85,930,297,500,1812
417,449,526,966,2358
998,157,339,895,2389
102,715,938,990,2745
699,657,554,120,2030
648,176,593,914,2331
975,463,78,118,1634
664,829,435,868,2796
131,570,859,189,1749
206,238,48,835,1327
339,361,512,211,1423
872,279,808,316,2275
148,593,559,564,1864
610,757,26,553,1946
278,855,170,310,1613
253,320,691,48,1312
393,486,302,404,1585
880,778,271,750,2679
433,499,411,952,2295
444,148,667,847,2106
400,190,201,345,1136
883,833,232,186,2134
708,210,420,355,1693
246,755,967,278,2246
57,90,45,14,206
928,963,1000,499,3390
221,76,487,30,814
63,749,880,319,2011
324,840,215,276,1655
672,343,850,988,2853
735,466,255,629,2085
358,944,378,612,2292
824,474,278,277,1853
521,146,901,357,1925
861,642,828,361,2692
966,858,928,952,3704
935,198,325,12,1470
103,891,306,206,1506
405,542,318,281,1546
846,603,93,682,2224
150,405,687,757,1999
979,745,474,346,2544
345,46,743,733,1867
433,811,471,743,2458
704,308,166,880,2058
385,927,897,109,2318
556,190,392,854,1992
153,238,874,240,1505
465,408,521,468,1862
455,23,651,670,1799
199,522,593,603,1917
444,932,315,635,2326
826,34,202,701,1763
712,498,376,933,2519
220,333,636,897,2086
902,573,275,719,2469
652,90,716,630,2088
851,841,1,150,1843
718,322,435,778,2253
193,252,509,506,1460
160,510,83,439,1192
324,518,209,417,1468
387,24,28,631,1070
896,346,852,964,3058
871,949,714,442,2976
481,28,172,368,1049
751,44,867,603,2265
34,47,961,747,1789
919,847,690,912,3368
851,578,518,258,2205
364,186,254,76,880
386,681,552,951,2570
109,66,497,217,889
519,267,269,576,1631
235,761,314,671,1981
9,317,248,264,838
913,428,393,160,1894
617,327,331,120,1395
895,78,744,189,1906
355,151,742,116,1364
757,402,760,954,2873
691,458,601,554,2304
687,863,694,661,2905
541,635,60,1000,2236
351,655,457,87,1550
362,937,609,304,2212
376,608,402,457,1843
696,48,653,25,1422
443,447,907,941,2738
761,187,971,10,1929
712,407,182,306,1607
394,843,72,949,2258
747,580,943,563,2833
451,221,792,656,2120
235,287,526,500,1548
478,100,59,982,1619
835,159,625,637,2256
667,216,397,930,2210
485,519,940,693,2637
919,876,441,723,2959
606,906,563,561,2636
222,907,239,133,1501
771,785,525,741,2822
81,275,205,689,1250
271,728,63,320,1382
903,786,163,969,2821
722,294,275,553,1844
516,378,254,75,1223
310,487,562,892,2251
365,753,749,707,2574
744,449,448,736,2377
87,929,217,394,1627
170,129,160,667,1126
7,677,985,611,2280
557,100,316,769,1742
46,182,168,636,1032
270,984,28,845,2127
437,453,458,223,1571
573,297,456,616,1942
919,763,291,8,1981
572,886,872,202,2532
309,9,555,349,1222
984,545,651,833,3013
201,827,732,747,2507
56,695,534,706,1991
262,914,611,656,2443
119,490,355,200,1164
841,406,858,89,2194
850,578,152,305,1885
68,708,336,690,1802
23,130,0,838,991
540,829,470,935,2774
952,850,863,926,3591
289,953,244,426,1912
773,238,295,101,1407
40,281,515,272,1108
267,426,324,453,1470
240,970,47,567,1824
753,353,307,670,2083
440,737,945,144,2266
319,666,51,379,1415
944,270,374,947,2535
112,313,297,61,783
382,231,724,540,1877
531,3,330,393,1257
597,374,470,77,1518
951,726,134,806,2617
178,777,596,729,2280
650,317,17,378,1362
625,333,265,941,2164
592,745,413,157,1907
394,875,373,163,1805
65,666,661,26,1418
313,902,269,960,2444
998,296,51,933,2278
653,795,617,311,2376
106,277,338,705,1426
557,662,400,569,2188
306,63,196,505,1070
214,697,725,923,2559
867,921,798,680,3266
923,808,327,843,2901
759,876,324,871,2830
73,207,162,260,702
541,546,174,467,1728
81,433,442,416,1372
381,39,466,286,1172
779,234,552,813,2378
473,994,41,406,1914
76,539,405,628,1648
187,768,712,58,1725
723,87,391,903,2104
827,454,361,820,2462
178,42,446,675,1341
337,969,849,129,2284
381,807,772,742,2702
768,883,663,744,3058
50,60,264,269,643
896,283,210,877,2266
